0 0.41015625 0.8277951311888604 0.0328125 0.07378611049510901
0 0.43359375 0.7619727101139381 0.01875 0.03234206314006229
0 0.1828125 0.6512726156156063 0.015625 0.02591005261671846
0 0.07265625 0.760481744667741 0.0265625 0.059359589448421346
0 0.071875 0.747936242036905 0.0140625 0.03050654735504672
0 0.10078125 0.7964948393778343 0.0265625 0.05467208944842135
0 0.1109375 0.7713051235787013 0.0328125 0.06128611049510866
0 0.128125 0.8652749314570916 0.0296875 0.06735409997176518
0 0.12109375 0.8250216577795684 0.015625 0.03684755261671846
0 0.1203125 0.8413824051487324 0.0109375 0.024074536831702888
0 0.13046875 0.8372864393495995 0.0140625 0.027381547355046366
0 0.13828125 0.8564914656579585 0.01875 0.0370295631400623
0 0.14609375 0.8483527419663179 0.015625 0.03216005261671846
0 0.13984375 0.8159574709196307 0.021875 0.04971157366340586
0 0.16875 0.8348285682605597 0.025 0.05145608418674961
0 0.17890625 0.8166701024614268 0.025 0.056143584186749605
0 0.26484375 0.6552691418533785 0.0140625 0.02738154735504672
0 0.2734375 0.6518634207925735 0.015625 0.03216005261671846
0 0.296875 0.6454159997176513 0.015625 0.03216005261671846
0 0.3234375 0.988697020905513 0.028125 0.02260595818897393
0 0.590625 0.9977408510401279 0.021875 0.0045182979197441854
0 0.4234375 0.696537425913071 0.021875 0.04971157366340577
0 0.45546875 0.685903033777344 0.0234375 0.05449007892507769
0 0.48046875 0.7139216179640936 0.0125 0.030415542093374805
0 0.46796875 0.7030373258707188 0.0265625 0.05467208944842135
0 0.46796875 0.6928810758707188 0.0234375 0.04980257892507769
0 0.4671875 0.6787730732398829 0.0171875 0.04318855787839038
0 0.47734375 0.6840521074407498 0.0171875 0.04318855787839038
0 0.49296875 0.6833996600574684 0.025 0.04989358418674961
0 0.34765625 0.5686861707219865 0.025 0.048331084186749605
0 0.3625 0.5695507207078689 0.01875 0.0448420631400623
0 0.3890625 0.5648478101562905 0.0203125 0.046495568401734036
0 0.4078125 0.5682836232963526 0.025 0.046768584186749604
0 0.43828125 0.5614644758989537 0.0265625 0.04842208944842134
0 0.47890625 0.5599243627024217 0.0171875 0.0447510578783902
0 0.50234375 0.5581644416274995 0.0234375 0.04824007892507769
0 0.56015625 0.6904378863093579 0.0296875 0.05954159997176518
0 0.5625 0.7811993942018657 0.021875 0.05127407366340595
0 0.5578125 0.7653013784168501 0.025 0.05770608418674961
0 0.56015625 0.7552816363093579 0.0140625 0.02425654735504672
0 0.60546875 0.7212020388978415 0.0203125 0.05587056840173403
0 0.6515625 0.7441991941171611 0.021875 0.04971157366340595
0 0.66484375 0.8223164888413717 0.028125 0.06882559471009335
0 0.6703125 0.8085725072572233 0.034375 0.07387711575678076
0 0.934375 0.5427023964797657 0.0203125 0.05587056840173403
0 0.92265625 0.579519857017227 0.0265625 0.05623458944842134
0 0.85859375 0.578132391288681 0.0265625 0.049984589448421345
0 0.85390625 0.5731718755036656 0.025 0.048331084186749605
0 0.73984375 0.5602784914016206 0.028125 0.051638094710093264
0 0.71484375 0.8838224072148708 0.0390625 0.08040013154179633
0 0.6765625 0.7034677783039107 0.0203125 0.044933068401734035
0 0.68515625 0.7086558072431058 0.01875 0.0448420631400623
0 0.68984375 0.7581475730281213 0.015625 0.02434755261671846
0 0.69453125 0.7060768388131369 0.021875 0.05283657366340595
0 0.70546875 0.7356201256448399 0.025 0.06083108418674961
0 0.70234375 0.7182506151214961 0.021875 0.04658657366340595
0 0.715625 0.6713679098457069 0.028125 0.06257559471009344
0 0.7265625 0.6649736966774098 0.0171875 0.03850105787839038
0 0.73046875 0.6503574598315895 0.0265625 0.051547089448421346
0 0.7453125 0.665284509817472 0.021875 0.04971157366340595
0 0.746875 0.6583442650791438 0.025 0.054581084186749604
0 0.76953125 0.6627888413733857 0.028125 0.05788809471009326
0 0.73515625 0.7935992256166051 0.03125 0.07213260523343692
0 0.7703125 0.7542405940042215 0.0265625 0.05623458944842134
0 0.7765625 0.756948365050909 0.015625 0.03997255261671846
0 0.7859375 0.7559318966209401 0.0171875 0.04631355787839038
0 0.78671875 0.790352399251776 0.028125 0.06257559471009308
0 0.796875 0.7917251834526431 0.01875 0.04796706314006229
0 0.796875 0.759693933452643 0.028125 0.059450594710093264
0 0.7671875 0.7259335834808779 0.0203125 0.038683068401734036
0 0.77890625 0.7266161229434168 0.0265625 0.04842208944842134
0 0.7921875 0.7273896676676275 0.0265625 0.051547089448421346
0 0.790625 0.6827674124059556 0.021875 0.05127407366340595
0 0.81796875 0.689828754485213 0.0390625 0.06946263154179633
0 0.80546875 0.7297257123918381 0.0265625 0.051547089448421346
0 0.8109375 0.7628567308076897 0.021875 0.05127407366340595
0 0.815625 0.7428172465927052 0.015625 0.03216005261671846
0 0.81796875 0.736703754485213 0.009375 0.020858531570031147
0 0.84296875 0.6944098386719626 0.0359375 0.06459312101845249
0 0.8296875 0.7584800439477519 0.03125 0.06588260523343692
0 0.846875 0.7563561018261422 0.0265625 0.05623458944842134
0 0.86875 0.774036425489548 0.03125 0.06588260523343692
0 0.87578125 0.7767896991670714 0.03125 0.06588260523343692
0 0.87890625 0.7590029596904151 0.015625 0.03059755261671846
0 0.909375 0.6467150622930161 0.0234375 0.04980257892507787
0 0.91640625 0.6979058359705395 0.0171875 0.0447510578783902
0 0.8921875 0.8074327544146259 0.03125 0.07057010523343692
0 0.9203125 0.7950083491247191 0.0375 0.07718412628012442
0 0.9078125 0.7520928070313444 0.01875 0.04015456314006229
0 0.93359375 0.7832818938489299 0.028125 0.06257559471009308
0 0.94609375 0.8090099359423046 0.01875 0.033904563140062294
0 0.93203125 0.745690888587258 0.021875 0.05283657366340577
0 0.9390625 0.7539129122647813 0.0234375 0.05605257892507769
0 0.54765625 0.5326785942159831 0.0171875 0.04318855787839038
0 0.54921875 0.45776959947765494 0.015625 0.03841005261671846