0 0.42617349004135363 0.6264132171465497 0.10420165258848364 0.05182092072720579
0 0.430027990182528 0.7756517535437444 0.12202618942018653 0.0638598457733485
0 0.38313830865484916 0.8267543761535634 0.10107665258848364 0.051620661627907086
0 0.2993324560522481 0.8519663247969739 0.10107665258848364 0.051620661627907086
0 0.24360610081881115 0.8797618553340723 0.11908319994353027 0.06678458667404996
0 0.32425686134215487 0.8817935271410124 0.0852696420651399 0.047494366131414265
0 0.3092388060946004 0.8972986111941685 0.11394067363517105 0.0586716980251019
0 0.48758288494909097 0.8107066764304186 0.09951415258848365 0.05152053207825782
0 0.4726866560663656 0.8779745195828733 0.11246917889684287 0.06013406847545255
0 0.4513275955571393 0.8946415854374321 0.10291216837349922 0.056408291177556434
0 0.4452750166320616 0.9177786967884842 0.09473564732681172 0.04965764342930967
0 0.6360273612009806 0.7527811597729807 0.09933214206513981 0.048395532078257905
0 0.6571064296733018 0.8082394177925453 0.08784861049510884 0.03831962523071262
0 0.6406932034214122 0.8746258813953507 0.08196263154179632 0.04416910703211556
0 0.6371208823888422 0.8955694370708767 0.07709312101845249 0.0407437183831675
0 0.6653445929263034 0.9091405837393891 0.08674113680346807 0.04603199568106327
0 0.6941150640576954 0.9832262179955713 0.08572466837349921 0.03354756400885748
0 0.16409769524655576 0.5484536937061651 0.10373121572854585 0.07047079117755643
0 0.38661816637794777 0.6458350431801414 0.08894067363517096 0.057069625230712615
0 0.6003717263224766 0.045531061840163964 0.04613154735504672 0.016966256939830317
0 0.7523664507905763 0.8825663941952773 0.0803091262801244 0.04250647748246621
0 0.7365671455430218 0.8980214134736085 0.0677181210184525 0.04014294108527139
0 0.8687202219078509 0.9582451195182748 0.0708431210184525 0.04034320018457009
0 0.9239607297297715 0.8849368298818778 0.057797089448421345 0.030167163787375627
0 0.9209876481738579 0.9090554503322285 0.046586573663405774 0.024778756939830514
0 0.9330480324170771 0.9443316162790723 0.032706084186749605 0.027002590992986342
0 0.6584770268024694 0.555825816620526 0.08472361049510883 0.03811936613141391
0 0.6894008031108287 0.5499658428386878 0.08159861049510883 0.03791910703211539
0 0.854011521752559 0.7934118614987102 0.05797909997176518 0.03329216378737563
0 0.8915423428557162 0.8491402297895927 0.054581084186749604 0.028404404688076923
0 0.9041256428415988 0.8350474514119626 0.04180806840173403 0.022915868290882456
0 0.9061886717807941 0.8265538309616118 0.038410052616718815 0.018028109191583753
0 0.9021837112433329 0.814534692312664 0.054308068401734036 0.023716904688076922
0 0.9194622165050046 0.8140736173588063 0.0448420631400623 0.021553627390181164
0 0.9148125138600512 0.7996606639350339 0.04962056840173403 0.023416516039129042
0 0.9272138033225902 0.7886928855574038 0.059359589448421346 0.03026729333702498
0 0.9264703506776367 0.7745302560077544 0.057615078925077515 0.027042163787375628
0 0.9307406217243243 0.7685305798818778 0.0478760578783902 0.02019138648947951
0 0.9375898612009805 0.7721061628552996 0.019205026308359407 0.009014054595791876
0 0.9494829164485349 0.756400819702845 0.021313557878390555 0.018489184145441227
0 0.9454779559110736 0.7443816810538969 0.030961573663405774 0.02377746144333699
0 0.9454247480044486 0.7318316162790722 0.03234206314006229 0.02075259099298634
0 0.9521143637612293 0.6977570049280203 0.02278505261671846 0.01702681369509058
0 0.9542228953312604 0.6884821344776696 0.01966005261671846 0.016826554595791875
0 0.9524097663497131 0.6522943106035463 0.027654563140062295 0.02045220234403846
0 0.9555725637047594 0.6383820049280203 0.022967063140062294 0.02015181369509058
0 0.9427239532096507 0.670493598080475 0.04502407366340577 0.024678627390180986
0 0.9155699190087837 0.6789476457364365 0.04622255261671846 0.01852875693983034
0 0.8908884374246352 0.6718768229420474 0.057342063140062294 0.022354663787375627
0 0.8925797400413537 0.6563018877168721 0.05467208944842135 0.029966904688076924
0 0.914765553181416 0.6389036366371379 0.05127407366340577 0.025079145588778218
0 0.885669587382283 0.6268449251938009 0.057342063140062294 0.022354663787375627
0 0.8803751426298373 0.6100381569952036 0.06064907366340577 0.025679922886674155
0 0.867776432092376 0.5974683058231843 0.05908657366340577 0.02557979333702498
0 0.879305466293243 0.5880129626707296 0.04640456314006229 0.02165375693983016
0 0.8607752741716335 0.5695738433001131 0.04962056840173403 0.023416516039128865
0 0.8590384689240791 0.5859300285252884 0.05127407366340577 0.025079145588778218
0 0.8215230583725006 0.5568642897840553 0.0654275789250776 0.027542811535622214
0 0.8229868478350394 0.54519560455888 0.06432010523343692 0.03525518198597286
0 0.784219750423523 0.497229671493173 0.05917757892507787 0.027142293337024982
0 0.6910682608762796 0.4136278246400904 0.08196263154179632 0.044169107032115386
0 0.8495941214419755 0.4653474182539705 0.05292757892507751 0.02674177513842757
0 0.8604252056287252 0.4409481955518665 0.05136507892507787 0.02664164558877822
0 0.8012468976797475 0.3799117635658936 0.06726309471009335 0.03233044108527148
0 0.8307978897872399 0.38415797500923066 0.044933068401734035 0.023116127390180985
0 0.8906664424745454 0.4468069717700282 0.04640456314006229 0.021653756939830338
0 0.7707928292074264 0.3238527282484332 0.08049113680346806 0.04563147748246603
0 0.7236672002258789 0.2847611474344796 0.0786556210184525 0.04084384793281668
0 0.7206255002117615 0.2696670735603563 0.07360409997176517 0.0342934592838688
0 0.9479560267318823 0.49988070943152707 0.048149073663405775 0.02487888648947969
0 0.9571868135635853 0.4894939219545983 0.027472552616718816 0.01732720234403846
0 0.9168410765765905 0.33399609114064466 0.03831904735504636 0.01646560919158375
0 0.7189866764777685 0.21702293491140828 0.07369510523343692 0.035855959283868796
0 0.7509423317676751 0.2473007202288687 0.04024556840173403 0.022815738741233015
0 0.754749871230214 0.23578222932816734 0.06597361049510883 0.036917811535622215
0 0.7489548975385732 0.2275692111295701 0.040336573663405775 0.024378238741233106
0 0.8562598923474887 0.3105097239294965 0.0531095894484217 0.02986677513842757
0 0.8023213631965319 0.09219171806940038 0.05926858418674961 0.028704793337024893
0 0.7317967605939308 0.11825476788483025 0.07507559471009326 0.03283108883351806
0 0.7243636921921969 0.13816674968623296 0.05807010523343692 0.03485466378737554
0 0.7412557896037132 0.1847308690568495 0.08150760523343692 0.036356607032115386
0 0.7884639895472435 0.12815949644703048 0.03850105787839038 0.01959060919158371
0 0.816126257963095 0.1244430135658936 0.05770608418674961 0.02860466378737554
0 0.8103999027296581 0.15544268969177027 0.08159861049510875 0.03791910703211539
0 0.7869323106504005 0.1813846259966798 0.04640456314006229 0.021653756939830293
0 0.8229076080054473 0.16957504086378952 0.05605257892507787 0.02694203423772623
0 0.8049164712019792 0.20919874536729627 0.07047909997176519 0.03409320018457011
0 0.8188725553887288 0.1849997817644909 0.043279563140062295 0.021453497840531677
0 0.806425763295354 0.19674881014212098 0.0385010578783902 0.01959060919158371
0 0.8776868422910189 0.25228621375046373 0.03234206314006229 0.02075259099298643
0 0.8877297002258789 0.29527475014765825 0.05283657366340577 0.02517927513842757
0 0.8897472265342381 0.2875623796973076 0.05301858418674961 0.028304275138427572
0 0.8896639265483556 0.3024561944721323 0.05587056840173403 0.023817034237726277
0 0.9365921344549808 0.31801014573643654 0.03372255261671882 0.017727720542635696
0 0.911970837029347 0.2560515638427488 0.048331084186749605 0.0280038864894796
0 0.9196545344126286 0.2722272763658201 0.043188557878390196 0.01989099784053163
0 0.9248047659967771 0.2780464797895926 0.043279563140062295 0.021453497840531632
0 0.8858332712584488 0.2739807410483596 0.05752407366340577 0.02547966378737563