0 0.8796875 0.5609375 0.05625 0.11484375
0 0.9 0.3984375 0.0546875 0.11484375
0 0.5984375 0.2796875 0.0375 0.1125
0 0.5125 0.3625 0.03046875 0.0796875
0 0.51015625 0.69140625 0.0375 0.078125
0 0.5265625 0.753125 0.03203125 0.09140625
0 0.503125 0.7984375 0.0296875 0.09140625
0 0.4484375 0.925 0.02265625 0.071875
0 0.39140625 0.875 0.0328125 0.0796875
0 0.384375 0.93828125 0.03125 0.0734375
0 0.35546875 0.96875 0.0328125 0.0625
0 0.3234375 0.94140625 0.03828125 0.06796875
0 0.29296875 0.965625 0.0390625 0.06796875
0 0.259375 0.8828125 0.05625 0.071875
0 0.02890625 0.27109375 0.0515625 0.13203125
0 0.0390625 0.3296875 0.071875 0.1140625
0 0.1265625 0.15390625 0.0515625 0.128125
0 0.0703125 0.26171875 0.06328125 0.103125
0 0.025 0.86015625 0.05 0.0859375
0 0.19609375 0.96875 0.0390625 0.0625