0 0.48331779239941997 0.7722326912812973 0.051201867080279226 0.021561933176296223
0 0.46812983497406685 0.7673497016488899 0.03056158514929379 0.01509731969842587
0 0.7597699398212004 0.41649337332629777 0.025764824505632156 0.013124716588148112
0 0.7229640724888198 0.5097840435431034 0.03201482450563198 0.013671520735185183
0 0.7089726283050185 0.5211022523555571 0.03503056386197052 0.01238242280870363
0 0.7063885776845998 0.5469518528739366 0.03390510643661741 0.018495721771944317
0 0.7449429792937542 0.5396964274733349 0.025764824505632156 0.013124716588148112
0 0.6466968674092552 0.6010918401972699 0.0478583457929556 0.018163531102777596
0 0.6377424844895343 0.584792896936205 0.029217606436617416 0.01808561866166656
0 0.6452546997085575 0.6439238891605106 0.03201482450563216 0.013671520735185183
0 0.6838637316395427 0.6358872137599088 0.043389367080279226 0.020878427992499837
0 0.8878631807670224 0.7166513237974093 0.03212408514929379 0.015234020735185183
0 0.7498704159359869 0.4026065305836125 0.027436585149293792 0.014823917624907378
0 0.7367212978473017 0.7127921748814368 0.02899908514929379 0.014960618661666559
0 0.7626882181458894 0.6856733088116682 0.0322333457929556 0.016796520735185182
0 0.7335688006972931 0.6579385795468534 0.03390510643661741 0.018495721771944317
0 0.7400919523064475 0.6534855253998163 0.04338936708027905 0.020878427992499837
0 0.7531382555247562 0.6445794171057424 0.03837408514929379 0.01578082488222208
0 0.7515046997085575 0.6346282186608813 0.038483345792955606 0.017343324882222077
0 0.7261169336170141 0.6756728836938903 0.03870186708027905 0.020468324882222076
0 0.7157421623296907 0.6796864404328256 0.030780106436617417 0.01822231969842587