0 0.18671875 0.71640625 0.04609375 0.10703125
0 0.32890625 0.74140625 0.04140625 0.11328125
0 0.42734375 0.73984375 0.028125 0.11640625
0 0.49296875 0.753125 0.02265625 0.06875
0 0.540625 0.725 0.06015625 0.08359375
0 0.37734375 0.89921875 0.03125 0.128125
0 0.47421875 0.89375 0.028125 0.128125
0 0.58359375 0.87421875 0.03046875 0.121875
0 0.6953125 0.83984375 0.06796875 0.090625
0 0.79921875 0.80546875 0.06484375 0.09296875
0 0.846875 0.97421875 0.08359375 0.0515625
0 0.95625 0.78828125 0.05625 0.08671875
0 0.66953125 0.68515625 0.06484375 0.09609375
0 0.53203125 0.59296875 0.053125 0.078125
0 0.646875 0.55 0.0625 0.08125
0 0.7609375 0.6390625 0.06796875 0.10390625
0 0.80390625 0.609375 0.0375 0.09609375
0 0.8328125 0.61328125 0.01953125 0.059375
0 0.93828125 0.50625 0.01640625 0.05703125
0 0.92890625 0.4515625 0.04375 0.078125
0 0.74921875 0.528125 0.05546875 0.08515625
0 0.62734375 0.43203125 0.05078125 0.0796875
0 0.52890625 0.42578125 0.06328125 0.08125
0 0.71953125 0.41328125 0.0375 0.08125
0 0.61171875 0.3234375 0.053125 0.0796875
0 0.52265625 0.31015625 0.046875 0.0796875
0 0.7046875 0.2953125 0.05078125 0.071875
0 0.78671875 0.3140625 0.03203125 0.071875
0 0.775 0.30390625 0.03359375 0.0703125
0 0.753125 0.209375 0.02734375 0.0484375
0 0.76328125 0.2 0.01796875 0.040625
0 0.8078125 0.159375 0.02421875 0.08125
0 0.5125 0.18125 0.04375 0.0703125
0 0.590625 0.18203125 0.03984375 0.07578125
0 0.67578125 0.17109375 0.04140625 0.0796875
0 0.64921875 0.0765625 0.03671875 0.07578125
0 0.57890625 0.0890625 0.04140625 0.0703125
0 0.5046875 0.08671875 0.04296875 0.06640625
0 0.23828125 0.303125 0.03359375 0.07578125
0 0.18515625 0.328125 0.021875 0.0484375
0 0.19453125 0.30625 0.01640625 0.028125
0 0.12734375 0.44375 0.03515625 0.08359375
0 0.04140625 0.4546875 0.04453125 0.08359375
0 0.01171875 0.3765625 0.02265625 0.05
0 0.92421875 0.3640625 0.02578125 0.071875
0 0.97265625 0.2546875 0.04140625 0.06484375
0 0.9859375 0.209375 0.028125 0.07421875
0 0.91796875 0.10546875 0.02734375 0.0703125
0 0.87890625 0.06171875 0.02578125 0.06875
0 0.85234375 0.04453125 0.028125 0.0703125
0 0.78046875 0.0390625 0.01953125 0.06640625
0 0.5703125 0.04375 0.03671875 0.071875
0 0.465625 0.025 0.0125 0.05
0 0.76796875 0.02890625 0.021875 0.05703125
0 0.95 0.10859375 0.03515625 0.071875
0 0.96015625 0.0890625 0.02890625 0.0890625
0 0.98046875 0.06796875 0.02890625 0.07578125
0 0.98984375 0.08359375 0.01953125 0.06328125
0 0.925 0.053125 0.02109375 0.0609375
0 0.94296875 0.05703125 0.02421875 0.059375
0 0.959375 0.04140625 0.02265625 0.0609375
0 0.93671875 0.02578125 0.0125 0.0296875
0 0.98046875 0.01796875 0.01328125 0.03515625