0 0.5386610966350576 0.794090525845451 0.020099668373499212 0.05080052067816432
0 0.5377748888696067 0.6584805115774273 0.03369173151356133 0.07013271753501123
0 0.6037477703408157 0.7745271966474498 0.04259629465362345 0.08924659057054055
0 0.6397307729716516 0.7769822626108847 0.023497684158514786 0.05563356989237604
0 0.4136823393778343 0.11977542245462877 0.0166106473268119 0.044404971463952725
0 0.3549792574689848 0.4629753047957831 0.028367194681858443 0.058976893713693815
0 0.4202171205949295 0.49951642638357024 0.03350972099021767 0.06700771753501122
0 0.4431540916557344 0.492014295490158 0.034253173635170955 0.05301799214211726
0 0.4478037943006877 0.4782065066150286 0.03627069994353036 0.06090326674922295
0 0.451672246945641 0.4643623304363462 0.02496917889684287 0.054143844499482084
0 0.45971996537561 0.4553875907754284 0.02460515785015538 0.047893844499482086
0 0.45625406015629044 0.40925745347187537 0.019280621018452494 0.03673802067816436
0 0.47159063381969635 0.4317874249358281 0.03305469468185844 0.059195217535011224
0 0.6456721469032887 0.5178084698068137 0.025439615756780755 0.03546661910658777
0 0.6291286599868812 0.5949510126108846 0.02138915258848364 0.04618579528527036
0 0.6362208231692957 0.5695700229499667 0.020281678896842868 0.05392552067816432
0 0.6515195994776549 0.5780738817174724 0.025060184158514787 0.055706344499482086
0 0.7864644758989536 0.4737224836605526 0.026440673635170952 0.05265411910658777
0 0.44775974971765126 0.3169244042576637 0.0135010578783902 0.017769696856846907
0 0.39831348656347176 0.3107257541338292 0.017536110495108836 0.033540246071058634
0 0.034719965375609965 0.4355928976426352 0.020843121018452527 0.036810795285270356