0 0.23671875 0.86484375 0.01953125 0.08515625
0 0.25390625 0.63203125 0.021875 0.11328125
0 0.31171875 0.83828125 0.02734375 0.1015625
0 0.32734375 0.78515625 0.02734375 0.1484375
0 0.90078125 0.86953125 0.03046875 0.1390625
0 0.8625 0.83046875 0.03125 0.05
0 0.90546875 0.6 0.015625 0.05546875
0 0.93125 0.6 0.02265625 0.06640625
0 0.96796875 0.61484375 0.034375 0.0890625
0 0.89375 0.42578125 0.02265625 0.09296875
0 0.86328125 0.4484375 0.025 0.08125
0 0.81796875 0.39453125 0.02734375 0.1
0 0.68515625 0.3359375 0.01328125 0.071875
0 0.640625 0.32578125 0.01875 0.0703125
0 0.59921875 0.33984375 0.0125 0.06484375
0 0.5796875 0.32109375 0.01171875 0.06875
0 0.571875 0.3 0.01015625 0.06328125
0 0.55390625 0.29609375 0.01015625 0.06640625
0 0.54921875 0.28515625 0.01015625 0.0703125
0 0.72265625 0.6546875 0.03359375 0.10546875
0 0.44140625 0.79296875 0.01875 0.09296875
0 0.47109375 0.78828125 0.02421875 0.1203125
0 0.1265625 0.38671875 0.01796875 0.07421875
0 0.096875 0.46484375 0.02109375 0.0515625
0 0.11796875 0.4796875 0.02578125 0.0890625
0 0.134375 0.4703125 0.01484375 0.05546875
0 0.60625 0.81328125 0.0125 0.06328125
0 0.63671875 0.8015625 0.01953125 0.1109375
0 0.62734375 0.89453125 0.03671875 0.14453125
0 0.70390625 0.865625 0.02890625 0.06875
0 0.73046875 0.859375 0.03359375 0.08125
0 0.7734375 0.85078125 0.05078125 0.06875
0 0.78125 0.84375 0.01484375 0.04609375
0 0.2421875 0.3890625 0.021875 0.08125
0 0.22265625 0.3640625 0.01484375 0.06875
0 0.20390625 0.384375 0.01171875 0.06484375
0 0.1953125 0.40859375 0.01328125 0.06484375
0 0.15546875 0.4234375 0.0125 0.06484375
0 0.16640625 0.42890625 0.01484375 0.071875
0 0.18359375 0.4140625 0.01484375 0.02421875
0 0.18359375 0.44140625 0.01484375 0.04609375
0 0.1828125 0.50703125 0.02421875 0.0890625
0 0.18359375 0.4796875 0.01015625 0.040625
0 0.30234375 0.4890625 0.01953125 0.1
0 0.32734375 0.475 0.01484375 0.07578125
0 0.32578125 0.5046875 0.01875 0.090625
0 0.34375 0.62578125 0.02265625 0.10703125
0 0.55859375 0.79609375 0.03984375 0.12578125
0 0.409375 0.46875 0.025 0.09609375
0 0.56015625 0.5484375 0.01875 0.09609375
0 0.653125 0.53359375 0.01640625 0.09296875
0 0.64765625 0.5140625 0.01640625 0.090625
0 0.62890625 0.49921875 0.01796875 0.09453125
0 0.52109375 0.753125 0.03125 0.11328125
0 0.51171875 0.7515625 0.01796875 0.09609375
0 0.65859375 0.68671875 0.01328125 0.09296875
0 0.6453125 0.6765625 0.01953125 0.090625
0 0.63046875 0.69296875 0.01328125 0.0484375
0 0.61796875 0.6703125 0.01484375 0.09609375
0 0.60390625 0.65390625 0.01640625 0.1
0 0.5875 0.64453125 0.0125 0.0890625
0 0.58203125 0.65859375 0.01328125 0.0796875
0 0.56953125 0.64453125 0.0125 0.08515625
0 0.57109375 0.70625 0.01875 0.0984375
0 0.55546875 0.71171875 0.01953125 0.12421875
0 0.61015625 0.4890625 0.015625 0.09296875
0 0.59609375 0.50546875 0.01640625 0.078125
0 0.58203125 0.49921875 0.015625 0.07578125
0 0.5640625 0.48671875 0.01796875 0.08125
0 0.5421875 0.659375 0.021875 0.1
0 0.54453125 0.63046875 0.01015625 0.07578125
0 0.51875 0.615625 0.01015625 0.05703125
0 0.36328125 0.634375 0.025 0.109375
0 0.38203125 0.6359375 0.01484375 0.090625
0 0.37265625 0.60625 0.01328125 0.0609375
0 0.54140625 0.515625 0.015625 0.1015625
0 0.52890625 0.515625 0.01484375 0.090625
0 0.53125 0.48203125 0.01640625 0.0984375
0 0.40546875 0.65546875 0.02109375 0.10390625
0 0.39453125 0.60859375 0.01484375 0.090625
0 0.41484375 0.61484375 0.01484375 0.09609375
0 0.43125 0.6203125 0.0125 0.06640625
0 0.45 0.67578125 0.03125 0.11875
0 0.44140625 0.57421875 0.01171875 0.0890625
0 0.51015625 0.68125 0.0125 0.06640625
0 0.50625 0.63671875 0.01015625 0.06328125
0 0.4984375 0.68125 0.015625 0.11875
0 0.453125 0.54453125 0.01484375 0.0890625
0 0.4546875 0.575 0.015625 0.090625
0 0.46171875 0.64375 0.01484375 0.109375
0 0.4765625 0.5453125 0.021875 0.08359375
0 0.4140625 0.44375 0.01328125 0.028125
0 0.4765625 0.6734375 0.01796875 0.12421875
0 0.49453125 0.53203125 0.01640625 0.07578125
0 0.5015625 0.5 0.01328125 0.0703125
0 0.47890625 0.509375 0.015625 0.078125
0 0.4875 0.4953125 0.01640625 0.08671875
0 0.48359375 0.4796875 0.01171875 0.03359375