0 0.4902299367440873 0.5731259661351417 0.1098840773392725 0.0443863251355733
0 0.17024086935072646 0.12910675878059868 0.08980793467536322 0.06458065046753819
0 0.5545896920353165 0.2633651467551051 0.08493862133990895 0.04892837939029935
0 0.6336772080283168 0.21226625506816554 0.0817954400063634 0.04734769867214013
0 0.6529106553946336 0.45533045383850157 0.08482953333863605 0.03955337939029935
0 0.6449254327259519 0.4404412520431034 0.08315794533736351 0.030169289031219647
0 0.5470724721116766 0.8257833335233885 0.08804544000636341 0.04738406010845857
0 0.6282395614258138 0.6848588725546082 0.08958975867281786 0.04583065046753827
0 0.6338355807606321 0.6958281888113869 0.08006930800445441 0.033276108313060604
0 0.48235544410404074 0.7691606288011241 0.0974204400063634 0.04743860226293624
0 0.4570645427673135 0.7440151830558503 0.0942954400063634 0.04742042154477701
0 0.755276418125358 0.9277690561014378 0.08497498400699968 0.05205337939029917
0 0.7785502861234489 0.9138429114876321 0.0817954400063634 0.04734769867214013
0 0.1461157627307243 0.4726931323171656 0.09429544000636333 0.04742042154477701
0 0.7508396253978151 0.47933610128097764 0.08484771467218159 0.04111587939029935
0 0.8738509587444054 0.5777013992891878 0.0910977146721816 0.041152240826617795
0 0.8567805427275428 0.45339174569839163 0.08321248933799978 0.03485678903121965
0 0.9379759987269063 0.44917694437053174 0.06907726400381797 0.02852497579950324
0 0.9000481900461341 0.34505707093216076 0.08795453333863605 0.03957156010845857
0 0.821277752705271 0.28913380297817987 0.09258748933799979 0.03491133118569749
0 0.8854766127068618 0.30122525770044417 0.09418635200509087 0.03804542154477701
0 0.6685800140435889 0.32496169778837736 0.07541817067154533 0.03637383723582168
0 0.6653170120146357 0.11167590260883753 0.09896475867281787 0.04588519262201594
0 0.6063232726766359 0.07696001414335188 0.10376134667409058 0.05528746369925477
0 0.7248162114496765 0.861190089278925 0.09911020934118149 0.058385192622015934
0 0.9398363013605897 0.20623546544777066 0.07071248933799978 0.03478406615858278
0 0.9365567600254533 0.1929360347296114 0.07222044533736352 0.030105656517662373
0 0.8432601986791812 0.09708720354391395 0.06609771467218159 0.04100679508134393
0 0.8196590666772723 0.08288834815771969 0.05977498933799978 0.034720433645025486
0 0.7325766900063634 0.051133833228800905 0.07857953333863606 0.03951701795398088
0 0.7153164646721816 0.04478383927892511 0.08650112133990877 0.04893746974937898
0 0.7306687446689999 0.021437242869721287 0.08946248933799979 0.03489315046753821
0 0.6923304281110403 0.821941236917793 0.09278748400699968 0.05209883118569749
0 0.676714518777813 0.8226315833269968 0.08808180267345414 0.05050906010845857
0 0.9697612533815887 0.7384303419112037 0.06047749323682261 0.044149975799503235
0 0.9752294560391345 0.6009667033475223 0.04954108792173102 0.03782725292686635
0 0.948869687420405 0.6468831913454697 0.07222044533736352 0.030105656517662283
0 0.9370509400859051 0.6382212636523725 0.06756930800445424 0.03320338544042354
0 0.8775759427514052 0.6292820800073471 0.08014203333863605 0.0395261083130606
0 0.8944816320814508 0.6051633239572228 0.07227498933799978 0.03479315651766246
0 0.8534759187619047 0.7064803842620732 0.08164998933799979 0.034847698672140125
0 0.840321938096723 0.7173406162098964 0.07856135200509087 0.0379545179539809
0 0.9178656827657228 0.7349780889843375 0.07861589600572713 0.042642017953980905
0 0.9320607113701346 0.2764979684728327 0.04398635733609098 0.020567030054229284
0 0.6797784066677272 0.011766806199633708 0.06580681333545435 0.016006795081343943
0 0.6305687473345 0.012261709888625752 0.06738749466899989 0.01757838544042356
0 0.5361829480028636 0.02421174316430888 0.09424089600572713 0.04273292154477706
0 0.7228857060391345 0.29246736035616394 0.07069430800445424 0.03322156615858276
0 0.9910084500318167 0.48465590211785814 0.017983099936366643 0.020448855386194252
0 0.9784311793642486 0.47286442924522126 0.04313764127150286 0.023719301131468206
0 0.9881604416971577 0.4619814713996989 0.02367911660568467 0.014226126463433176
0 0.9987407760582248 0.8839064683746368 0.0025184478835505787 0.040697722872636885
0 0.9867033053787253 0.6861865858610796 0.026593389242549392 0.02363748789975162