0 0.8777762053339023 0.4716960671121127 0.2444475893321954 0.1155108893530464
0 0.4418687462759463 0.39527807752941707 0.18921235731976363 0.07788887254713259
0 0.30597613399378404 0.2505306047154544 0.16443068114108117 0.08155770060802237
0 0.38950595719141984 0.9515864273391367 0.1326712588913402 0.06934686068413462
0 0.4235661641824612 0.5737041664647218 0.1643579065339754 0.07999520060802237
0 0.38237823800377874 0.5800788418638732 0.14524403349844608 0.07141869665368965
0 0.32358758891340156 0.6286556047154545 0.14339043507002264 0.0651050296574951
0 0.30029133002206143 0.5654207756659815 0.17348034946188076 0.10843853558899426
0 0.32123306864952184 0.46046402022877403 0.15996150496239867 0.08605419961943923
0 0.3141803939185815 0.40987377121735713 0.1557448858558109 0.06248936562705043
0 0.2744458058292403 0.41384102962031416 0.12598461124870503 0.059717192699356936
0 0.2770206881703945 0.3346801116355366 0.15432793507002254 0.06555069863085591
0 0.24119019602827735 0.3048307855518132 0.13594180810555184 0.07259919467652329
0 0.2092488372607717 0.29126037547570105 0.10999573821317572 0.051268022737412974
0 0.10314007836943154 0.2313998972245309 0.10352741439185813 0.04632585475263547
0 0.048561740280090325 0.23597199209133463 0.07674659057054059 0.04055601581733077
0 0.2685961819651415 0.708386867072744 0.11966183664159917 0.057900024714579244
0 0.13258159925248375 0.6450485617492674 0.0810702175350113 0.03293451680591399
0 0.2198119255550007 0.686109960456673 0.059631865177646425 0.04141817885919252
0 0.21675970016210652 0.6877997944490618 0.060539393713693726 0.0274193458553869
0 0.30581800785337365 0.9025533611412451 0.10076628742738744 0.054011020760246706
0 0.3020187657112565 0.8713988616355366 0.09578768899896399 0.0475700197716634
0 0.27567674358535 0.9108261175670357 0.07972604135632881 0.037558349809719616
0 0.2787032361417519 0.7909446990879665 0.1080693651776464 0.04339185574121842
0 0.26031710917728124 0.7995212030422992 0.12093323821317573 0.0517136917107738
0 0.166642037837163 0.838561139810157 0.07667381596343467 0.03899351581733086
0 0.14792842514071594 0.8401063937644899 0.07482021753501131 0.032679848821136656
0 0.15872468403205606 0.9038505587835178 0.06857021753501132 0.03242518083635879
0 0.0884934590534467 0.7572103221293907 0.032050520678164406 0.018460839923887917
0 0.08040697725041177 0.7348405736122654 0.025800520678164428 0.018206171939110404
0 0.07997032960777661 0.7254655736122654 0.02892552067816445 0.018333505931499162
0 0.07846133353671805 0.7098724071103627 0.03361302067816443 0.018524506920082118
0 0.07251954859052998 0.699938991597043 0.027435795285270292 0.019832338935304606
0 0.13704862137839025 0.6065126437644898 0.024092471463952724 0.015017504942915849
0 0.1323076174494488 0.6223604782511701 0.052581344499482 0.02397601087441501
0 0.1260212301458959 0.6218338962359476 0.046331344499481994 0.0237213428896375
0 0.13194374441391954 0.6145479782511701 0.03822774607105854 0.01715300790866543
0 0.04329431327283838 0.5430178295437645 0.03681079528527028 0.020214340912470874
0 0.024340952024133368 0.48899883300380564 0.0035616476426351463 0.009502333992388756
0 0.026759630684015157 0.5241232495057084 0.005196922249740998 0.011128500988583135
0 0.03215776012968523 0.5559953320152224 0.010102746071058566 0.016007001977166268
0 0.05359826653982602 0.5793864110646954 0.041643844499482 0.023530341901054186