0 0.08456334239534577 0.038145471131391995 0.05120967292769343 0.03259966837349917
0 0.09367835722409337 0.1080939500847046 0.060775673916276605 0.03783319994353027
0 0.21892375494291585 0.011708285622165734 0.033767504942915846 0.02341657124433147
0 0.21764775642579065 0.02006681719219683 0.06884284190105419 0.04013363438439366
0 0.38803851087441493 0.02908420036705328 0.06578150889724857 0.0459187157285458
0 0.3659870973382616 0.04524752666129509 0.0881021778706093 0.05813028939195171
0 0.4843206032697607 0.06654713203590641 0.070851010874415 0.055566731513561375
0 0.45228935326976066 0.06841273990017932 0.07528384288963733 0.0495897472985769
0 0.5819144807598091 0.270734832120611 0.0750291749048598 0.043339747298576904
0 0.5567406561961417 0.7099562268165869 0.06846083992388792 0.03516322625188941
0 0.48006016209045954 0.3463634346526249 0.06527217292769336 0.03341871572854575
0 0.47669508155811186 0.3598721978068046 0.07008700692008211 0.03681673151356133
0 0.03981048277415654 0.7079567131682971 0.02308467292769343 0.030961573663405774
0 0.17252216509339013 0.7746220264495335 0.04776633794672147 0.02460515785015538