0 0.5129741436726294 0.5790306060769093 0.10397047970746058 0.05324062406898662
0 0.8454374107154626 0.21139161165848055 0.08384889448011279 0.06323205417661042
0 0.4805606586868677 0.28587776550636873 0.07899775324641087 0.053638730355292895
0 0.4119703457806544 0.22873304549015808 0.08056025324641088 0.05371150496239876
0 0.37447647971075587 0.45060589143738217 0.08204093262955983 0.049096779569504534
0 0.3825208047918337 0.43768851447291135 0.08042388555165916 0.04589900496239885
0 0.43944732021640454 0.8046983860606985 0.08365797970746058 0.05229455417661048
0 0.3770036416440344 0.6641782398658055 0.08357615909060953 0.047607054176610576
0 0.37059000041033235 0.6732621414373822 0.07732615909060954 0.04731595574818694
0 0.5035331396154396 0.7615520076484859 0.09306025324641105 0.054293701819245574
0 0.5289286059302194 0.7400601513621796 0.08831820616851012 0.05095037799792799
0 0.23811091680783783 0.8719457363511489 0.08217730032431161 0.056909279569504534
0 0.21885240219734126 0.8554110537623256 0.0758182061685102 0.050368181141081436
0 0.8390650852306429 0.5316677243549276 0.08840002678536116 0.055637877997927986
0 0.2812895413991531 0.45877580231458365 0.08195911201270878 0.04440927956950454
0 0.1595588173737354 0.5344221575674326 0.08675570616851021 0.050877603390822125
0 0.18654978571711026 0.42152405128112636 0.07710797077900677 0.03481595574818712
0 0.11174070048976263 0.40709337014004515 0.06299092370110611 0.031035984284234354
0 0.15553733928783267 0.3168707845319033 0.08513865909060954 0.04767982878371626
0 0.23289077191739255 0.2751242402800903 0.0865920649348082 0.041502603390822124
0 0.1734066777615912 0.27860880521006776 0.08664661201270882 0.044627603390822126
0 0.37116233928783265 0.3269136803125116 0.07104888555165925 0.04546235731976358
0 0.3925539184261003 0.131656838294229 0.09144320616851029 0.051095927212139715
0 0.4500488185882562 0.1077506114535928 0.0978568474022122 0.06076202564056317
0 0.2727410612879508 0.8141353904039249 0.09322389448011296 0.06366870181924549
0 0.1250703636375619 0.1809675177826803 0.08039661201270883 0.04433650496239876
0 0.13227889164073914 0.17113875351465666 0.07401024431795714 0.036232906533975304
0 0.22976359212720648 0.09592689185166689 0.0631818384737585 0.04197348428423431
0 0.25261075689985885 0.08604462365470182 0.06000229139585782 0.03870293507002258
0 0.3358050864451636 0.06802667783131226 0.07411933847375848 0.0424829065339753
0 0.3515255438314898 0.06328567390237085 0.08212275324641087 0.05378427956950458
0 0.33946192045469525 0.037703477045523986 0.08670115909060953 0.04775260339082216
0 0.3061399423753831 0.7820699071531478 0.08683752678536116 0.05556510339082212
0 0.3201615320669576 0.7850686286171006 0.08691934740221222 0.060252603390822126
0 0.026792956171805486 0.895351041356329 0.05358591234361097 0.053202082712657986
0 0.04774283563768 0.6691716850700227 0.07897047970746054 0.05207623035529281
0 0.012759504060485063 0.6141181579817173 0.025519008120970126 0.034486315963434676
0 0.017597008524711934 0.5971489818030349 0.03519401704942387 0.034922963606069855
0 0.049225289370558215 0.5394477977664696 0.08047843262955987 0.04902400496239885
0 0.08512583320204803 0.5880330010334573 0.06940456493480815 0.04070208271265781
0 0.09695367735784939 0.5823288105867512 0.06468979139585782 0.03892125889134022
0 0.1517093612052252 0.5809696718354562 0.07411933847375848 0.04248290653397539
0 0.1388508510589555 0.5561323376750564 0.06619774431795715 0.035869033498445904
0 0.16682011810508407 0.6559525552100677 0.0788068384737585 0.04270123035529281
0 0.17914284010190687 0.6666910020669146 0.07252956493480815 0.040847631926869354
0 0.10630931209872965 0.6734632328364922 0.07258411201270885 0.04397263192686936
0 0.003715740667804455 0.6644991476426352 0.00743148133560891 0.03212329528527036
0 0.13247771469322214 0.2493365281217625 0.041034103084255105 0.025329639784752268
0 0.07403001501753369 0.19344609305173993 0.053506829545304745 0.024349336641599172
0 0.3903659013799718 0.033037401776464345 0.06614319724005639 0.03274403349844601
0 0.43562385430207107 0.038272865382534216 0.0662522913958579 0.03899403349844601
0 0.5204664586041422 0.06020783146980344 0.0869466209411625 0.06181510339082217
0 0.3232975836057898 0.29184516749223005 0.06770569724005648 0.032816808105551945
0 0.03511267816698063 0.4276733897847523 0.07022535633396126 0.0393579065339754
0 0.057548078330784055 0.42098889619489305 0.07406479139585782 0.0393579065339754
0 0.0468151298729116 0.4087607239451521 0.058194329545304756 0.024567660462916762
0 0.009656049109790855 0.7952953833746115 0.01931209821958171 0.04371576674922295
0 0.03922695211461571 0.6195162874273874 0.041034103084255105 0.025329639784752268