0 0.20572130924947002 0.5492807426400466 0.016552300324311542 0.05330681333545435
0 0.21538268140844857 0.5655779046387741 0.011482970779006863 0.03137726933481808
0 0.5227182999172745 0.22130754726291232 0.011428423701106106 0.02825226933481808
0 0.42900525608578466 0.26928251794241176 0.009975017856907442 0.034484088001272714
0 0.42147912824476325 0.285779674610139 0.011592064934808199 0.03762726933481808
0 0.39342231209213907 0.290013188613957 0.020857970779006772 0.0314863573360908
0 0.39113706330995507 0.24862511994750242 0.011401150162155815 0.02668976933481808
0 0.35009109780595404 0.35928135662000216 0.01498980032431163 0.05328863200190899
0 0.37055360227018086 0.3676387492839114 0.017732970779006863 0.03144999466899989
0 0.3025303051922802 0.3653046372931382 0.006877291395857821 0.036010225334181814
0 0.3017666461016707 0.3215546372931382 0.016415932629559826 0.04549431333545444
0 0.15899494480442447 0.11067277597868279 0.009920470779006773 0.03135908800127267
0 0.5392881911509765 0.23049164326068516 0.013018197240056395 0.029832950668363535
0 0.2032376428552598 0.2726909706397285 0.014580697240056418 0.029851132001908986
0 0.22615694561520341 0.24273075063654687 0.014607970779006862 0.031413632001908984
0 0.26494275608578466 0.2711915579646834 0.016225017856907442 0.03455681333545444
0 0.26715013839103297 0.26335178596436526 0.014798885551659247 0.042351132001908987
0 0.2739359265404799 0.24920746996341075 0.01474433847375849 0.039226132001908984
0 0.28488706330995506 0.24986145062859264 0.017896612012708868 0.040824994668999894
0 0.24713764731948668 0.28077564330045607 0.0178420649348082 0.03769999466899989
0 0.2449848120921391 0.2917404153007742 0.014607970779006774 0.031413632001908984