0 0.109375 0.0234375 0.02109375 0.04609375
0 0.17734375 0.0390625 0.02421875 0.05546875
0 0.07109375 0.153125 0.015625 0.03125
0 0.07890625 0.1515625 0.02578125 0.06328125
0 0.07578125 0.32109375 0.02734375 0.05703125
0 0.09453125 0.30078125 0.034375 0.07578125
0 0.10546875 0.41953125 0.03671875 0.0609375
0 0.11015625 0.38828125 0.034375 0.06875
0 0.29765625 0.53515625 0.02734375 0.0703125
0 0.73203125 0.55390625 0.01953125 0.06328125
0 0.38046875 0.44296875 0.01796875 0.059375
0 0.39453125 0.440625 0.01953125 0.06640625
0 0.775 0.0265625 0.01875 0.053125
0 0.97109375 0.0234375 0.02265625 0.04609375
0 0.9859375 0.025 0.021875 0.05
0 0.8265625 0.18125 0.015625 0.04453125