0 0.028125 0.50625 0.003125 0.02109375
0 0.17578125 0.61796875 0.00625 0.0171875
0 0.653125 0.49453125 0.0046875 0.009375
0 0.7125 0.45546875 0.0046875 0.01171875
0 0.8375 0.68984375 0.0078125 0.0421875
0 0.8390625 0.6796875 0.0078125 0.0421875
0 0.81328125 0.64765625 0.01015625 0.03828125
0 0.8078125 0.65078125 0.0078125 0.034375
0 0.80234375 0.64375 0.00625 0.0296875
0 0.8 0.63125 0.00625 0.0234375
0 0.79140625 0.64609375 0.00625 0.03671875
0 0.78984375 0.66640625 0.00625 0.03125
0 0.7828125 0.67421875 0.0046875 0.025
0 0.778125 0.6625 0.00625 0.034375
0 0.7734375 0.66953125 0.0078125 0.03671875
0 0.7625 0.6671875 0.00625 0.03515625
0 0.75859375 0.6671875 0.0046875 0.0328125
0 0.7625 0.6609375 0.00703125 0.03828125
0 0.76796875 0.6546875 0.003125 0.03125
0 0.7703125 0.64375 0.00703125 0.03515625
0 0.7765625 0.6546875 0.0078125 0.034375
0 0.78046875 0.6484375 0.00625 0.03125
0 0.77421875 0.61640625 0.0046875 0.0328125
0 0.7796875 0.61796875 0.0046875 0.03828125
0 0.7484375 0.67265625 0.00703125 0.0328125
0 0.7421875 0.66484375 0.00703125 0.03515625
0 0.73515625 0.675 0.00859375 0.021875
0 0.7328125 0.6671875 0.009375 0.025
0 0.7109375 0.66796875 0.009375 0.01796875
0 0.7140625 0.665625 0.01171875 0.0296875
0 0.94609375 0.61015625 0.00703125 0.01796875
0 0.5484375 0.89921875 0.0171875 0.0734375