0 0.8147023798499629 0.39233124255189267 0.07108538981258557 0.02983735731976367
0 0.7519606874509523 0.4246128955712113 0.03161371285298138 0.013955492142117266
0 0.6226609470178639 0.19015650475300175 0.023755748746358663 0.01202911910658786
0 0.7193350217076123 0.06714284387580026 0.05684103338609496 0.022932385855810877
0 0.7075480755476784 0.06894078432250633 0.026880748746358662 0.012174668320799564
0 0.7570025062682062 0.09001957174989376 0.05215353338609478 0.02271406203449331
0 0.7339370793086021 0.10302683994685884 0.056704641066226816 0.018244885855810855
0 0.8276416152019793 0.10895581637321028 0.06295464106622681 0.018535984284234308
0 0.7870166152019793 0.10706367658845799 0.034647784639735946 0.010976041356328858
0 0.8019740254685359 0.10384878535596362 0.023619356426490778 0.00734161910658786
0 0.7992892946688659 0.11545837344530485 0.023755748746358663 0.01202911910658786
0 0.8179483664556205 0.11945666873057514 0.03473871285298173 0.014101041356328902
0 0.8122068318158846 0.12857695760570462 0.031659176959604095 0.015517992142117177
0 0.779417063869196 0.12626744085648162 0.047329641066226814 0.01780823821317572
0 0.7997606561099216 0.1530311480524107 0.048892141066226816 0.017881012820281584
0 0.7829679612036288 0.1655482646777992 0.0521989974927175 0.02427656203449331
0 0.6328422775801071 0.2704262016098486 0.023710284639736123 0.01046661910658786
0 0.630225742940371 0.2796920396991898 0.028443248746358663 0.01224744292790545
0 0.6256147992877195 0.3037288531814252 0.03161371285298138 0.013955492142117087
0 0.9720639019532864 0.2807495413518197 0.04277853338609461 0.02227741439185813
0 0.6878981874509524 0.4216291366798711 0.04719324874635884 0.01312073821317572
0 0.6798894591585647 0.4548954009478948 0.05054556927947225 0.021078787427387446
0 0.7089859257724699 0.4765906184829062 0.029960284639736122 0.010757717535011225
0 0.697539960412206 0.4666698089296122 0.0519716769596041 0.01646406203449331
0 0.6865797283588947 0.46694163667987115 0.047284176959604095 0.01624573821317572
0 0.6724490321989606 0.46863041521591847 0.03772732053311341 0.009559090570540541
0 0.6792529616658471 0.47677040094789486 0.040943248746358664 0.012829639784752267
0 0.6811420705996204 0.49250456285855365 0.04425010517284953 0.019225188998963992
0 0.5558047529695009 0.36384440777232036 0.0441591769596041 0.016100188998963993
0 0.5577393260098967 0.3780160696829792 0.04406824874635866 0.012975188998963993
0 0.5561851861973113 0.40454218237942624 0.045858069279472245 0.020860463606069857
0 0.559545866917839 0.4234741188971909 0.04264214106622681 0.01758991439185813
0 0.5562928347853854 0.4546149569865321 0.04098871285298138 0.014392139784752267
0 0.559039750066507 0.49464064350429676 0.0441591769596041 0.016100188998963993
0 0.5583577884671668 0.5180781435042967 0.04576714106622681 0.017735463606069857
0 0.6925138281214678 0.5587481470189534 0.05518760517284953 0.019734611248705035
0 0.7811815230277606 0.5495786623204343 0.04880121285298138 0.014756012820281583
0 0.7664059691876947 0.5465435535529287 0.05661371285298138 0.0151198858558109
0 0.7561360589211379 0.5499767686067406 0.02205685642649069 0.007268844499482086
0 0.7265562075092121 0.5986668256788352 0.05357964106622681 0.018099336641599174
0 0.7542349266303997 0.6422006559102935 0.04719324874635884 0.01312073821317572
0 0.8316014086837111 0.6450217489620336 0.06469899749271732 0.024858758891340215
0 0.8180701060972864 0.6529969148016337 0.06630696159934005 0.026494033498445903
0 0.5810796053058634 0.9470593221641785 0.05188074874635866 0.01333906203449331
0 0.6159774425320244 0.9306916135205074 0.05224446159934022 0.02583906203449331
0 0.6084210067969316 0.8677549658778723 0.04411371285298138 0.014537688998964172
0 0.6046056850101769 0.8644480293601078 0.04411371285298138 0.014537688998964172
0 0.5804898865803872 0.7522369737357552 0.04594899749271768 0.023985463606069856
0 0.8953312880714552 0.6863231451569266 0.07407399749271733 0.025295406533975395
0 0.7158256444979461 0.671704065339753 0.0425966769596041 0.01602741439185813
0 0.721871056018144 0.6790264137681764 0.04236935642649069 0.00821491439185813
0 0.7704222162847008 0.677376176588458 0.022147784639736122 0.010393844499482085
0 0.7207942893250966 0.6891462764646235 0.04723871285298138 0.01468323821317572
0 0.7495186828986059 0.6967426066960819 0.056659176959604096 0.016682385855810722
0 0.7315499328986059 0.6959056987143645 0.04572167695960409 0.016172963606069856
0 0.6879674174591998 0.7149981470189534 0.05987510517284953 0.019952935070022625
0 0.6821576866595296 0.726462185894083 0.03630121285298138 0.014173815963434677
0 0.6687173122863502 0.7313123517336831 0.047329641066226814 0.01780823821317572
0 0.6839785994333688 0.7445400978047416 0.04563074874635866 0.013047963606069857
0 0.6776604032734348 0.7465927493763183 0.0519716769596041 0.01646406203449331
0 0.6840324237274059 0.7695764851082946 0.05362510517284953 0.01966183664159917
0 0.8091520956724452 0.7175131790696574 0.06796038981258556 0.029691808105551942
0 0.7735268327403213 0.7588808877133285 0.053670569279472245 0.021224336641598996
0 0.777273958367142 0.7645315742310931 0.03630121285298138 0.014173815963434677
0 0.7770239057807172 0.7731253242310931 0.04567621285298138 0.014610463606069856
0 0.8107540481005853 0.770002478283869 0.05973871285298138 0.015265435070022626
0 0.8135835314075379 0.7803042774980808 0.0439773205331135 0.009850188998963994
0 0.7806119070343585 0.7842447607488577 0.056659176959604096 0.0166823858558109
0 0.74537910068701 0.758352194785423 0.0347841769596041 0.01566354135632899
0 0.7481631198873399 0.7702164939996348 0.041079641066226816 0.017517139784752445
0 0.7493391749810471 0.7835705186067405 0.04742056927947225 0.020933238213175897
0 0.7054073185545564 0.7877828296077766 0.04893760517284953 0.019443512820281582
0 0.714813410795282 0.8140371145539647 0.060193353919208194 0.030890435070022537
0 0.7521004621280657 0.7962160678209523 0.04581260517284953 0.019297963606069855
0 0.785716944181377 0.7969994718737283 0.05045464106622681 0.01795378742738727
0 0.7659583736482636 0.803902289284905 0.029960284639735945 0.010757717535011225
0 0.7603986954350181 0.8067725781600344 0.01893185642649069 0.007123295285270359
0 0.7211399671426306 0.8385833502859409 0.060102425705962935 0.027765435070022448
0 0.7828048928485934 0.8164215599630694 0.06134667695960409 0.016900709677128135
0 0.7815235376757439 0.8335726726595165 0.0519716769596041 0.01646406203449331
0 0.8013132004495832 0.8524874925518926 0.061483069279472245 0.021588209677128135
0 0.8042563440230923 0.8588830417661043 0.05835806927947225 0.021442660462916763
0 0.7876682375966018 0.8643689083914928 0.02844324874635884 0.012247442927905184
0 0.680744636184676 0.9094566224118477 0.047329641066226814 0.017808238213175544
0 0.7315713502912986 0.9102592971427879 0.042460284639736126 0.011339914391858486
0 0.8359693452767335 0.8713124212117744 0.06630696159934005 0.026494033498445903
0 0.8264890451975914 0.9013809108726922 0.07260242570596276 0.028347631926869354
0 0.7836566875174594 0.8946921091772811 0.03621028463973612 0.011048815963435033
0 0.8166594041313646 0.9165692632300573 0.06010242570596276 0.027765435070022448
0 0.8422360656515625 0.924801294247304 0.031522784639736304 0.010830492142117265
0 0.7798269938648079 0.9187653099630694 0.05192621285298156 0.01490156203449331
0 0.7874576374383171 0.9253791829985989 0.05357964106622681 0.018099336641598997
0 0.5381756691085523 0.5664235982190264 0.04094324874635884 0.012829639784752444
0 0.46511024214894814 0.5771020789886041 0.03621028463973595 0.011048815963434678