0 0.9788270101704079 0.7171443031476624 0.042345979659184255 0.0305651033908223
0 0.7468985308641594 0.7188139268023642 0.13049113680346808 0.046592517782680434
0 0.9547034825819243 0.6364229960755677 0.09059303483615153 0.049135320925833524
0 0.9090352388413716 0.6243082938420373 0.17000866311182747 0.056224382960326835
0 0.9249390868175855 0.0033517084387833574 0.1243321420651398 0.006703416877566715
0 0.9039587288827254 0.02605057630702614 0.061741136803468065 0.04339043507002258
0 0.6438710973409292 0.006866314310804878 0.06404708944842134 0.013732628621609755
0 0.45208541574266325 0.028296050457066003 0.10816111049510883 0.0377611732831983
0 0.479777776237772 0.05990776943981935 0.09575211575678075 0.03874147642635144
0 0.425013952503779 0.11494417990273606 0.11303062101845249 0.04110449710451586
0 0.37359420762427653 0.26774600227631157 0.08096157366340587 0.02558650496239867
0 0.3671313759977757 0.31818264991894674 0.08297909997176518 0.033471779569504534
0 0.38773927858625934 0.3626582419372294 0.07314907366340595 0.025222631926869445
0 0.3679196022496652 0.3855156991331584 0.07618306840173403 0.02380568114108117
0 0.3458548864505322 0.39672718093619336 0.07011507892507769 0.026639582712657716
0 0.34386745222143034 0.41640398015040514 0.07452956314006212 0.022170406533975395
0 0.33173147326811775 0.42323617700725197 0.07949007892507769 0.02707623035529281
0 0.7227527734657618 0.19664782837394074 0.12349768415851478 0.060291144747151026
0 0.9054790573842801 0.4960013573242728 0.10632559471009344 0.03300089867609248
0 0.8965366968891713 0.4635163430562491 0.1386676578501554 0.05320639081820957
0 0.4884930386154928 0.8820396346174657 0.08252407366340594 0.025659279569504534
0 0.577722138587258 0.9076517566195378 0.05917757892507787 0.026130160462916763
0 0.5919820596621802 0.8834865105484792 0.10356461575678075 0.039105349461880934
0 0.579216749152954 0.8660635701017732 0.06395608418674961 0.02791098428423453
0 0.911192189137838 0.3116434739496613 0.07333108418674925 0.028347631926869444
0 0.8951730760118931 0.278704695413614 0.1255306210184525 0.04168669396136275
0 0.9573105130130053 0.28405997539740335 0.0853789739739895 0.05145980024766903
0 0.9587596209478655 0.19815886270095626 0.08248075810426911 0.04753427956950458
0 0.9499222182182073 0.16961648573648555 0.09813366311182747 0.052876751033457306
0 0.9354733103680519 0.12328729528977948 0.08002069994353037 0.06294095574818702
0 0.9263790314288567 0.11509380562886169 0.05283657366340577 0.02427656203449331
0 0.4786413545275653 0.7532425465281245 0.09584312101845249 0.04030397642635144
0 0.4526171808218072 0.7771723521524772 0.07810958944842135 0.030128455748187122
0 0.47723774922354123 0.7963932330458892 0.0729670631400623 0.022097631926869355
0 0.5043007781627363 0.8037498147250897 0.07314907366340595 0.025222631926869354
0 0.524817675489548 0.8466629067433722 0.07324007892507786 0.026785131926869356
0 0.5303396333961732 0.8338718083149488 0.08105257892507786 0.02714900496239849
0 0.512105572886947 0.8167035789931134 0.029217063140062293 0.020059942927905184
0 0.5433100702561111 0.8144668368509962 0.05439907366340595 0.024349336641598995
0 0.6158298123636033 0.8087390676205738 0.10218412628012441 0.04215757485477489
0 0.5854065649944392 0.810939422459138 0.04466005261671846 0.01766268899896417
0 0.5830943651214961 0.6770909613342674 0.11468412628012441 0.0427397717116218
0 0.5651865283039106 0.652073844708879 0.08574007892507787 0.027367328783716262
0 0.5979990283039107 0.650545577959656 0.10476309471009326 0.03292812406898662
0 0.7309634467479971 0.6200682117485522 0.12249662628012423 0.043103644747150935
0 0.8971443706655166 0.3663502446278257 0.14867969468185863 0.06458053846084474
0 0.5497064704961074 0.5611406296550671 0.1134856473268119 0.04891699710451576
0 0.6218181469738759 0.38700746278200954 0.11128611049510884 0.037906722497410075
0 0.5962805497035338 0.28479214537083275 0.10449007892507786 0.02824062406898662
0 0.5747695707502213 0.29206098987031476 0.10320059471009327 0.032855349461880755
0 0.5604641470444631 0.3154449859413734 0.10788809471009327 0.033073673283198345
0 0.8527720153614926 0.41150223284100146 0.13241765785015538 0.052915292389786116
0 0.8525822995623595 0.42169487014455437 0.1092685841867496 0.03002144789030421
0 0.765910510240995 0.2651409631962943 0.1044900789250777 0.02824062406898662
0 0.7558375602268775 0.2804941354460353 0.10356461575678075 0.03910534946188075
0 0.774716362843596 0.295282227464318 0.05421706314006212 0.021224336641599173
0 0.7514076654603146 0.31203523387445875 0.11110409997176518 0.03478172249741007
0 0.7343489680770331 0.32849714185617607 0.11413809471009326 0.03336477171162171
0 0.7260660312170952 0.3476837894988113 0.09814907366340578 0.026387025640563166
0 0.7420095496329467 0.3524247934277526 0.09070059471009326 0.03227315260503385
0 0.7279848469879934 0.36717865219525836 0.09511507892507769 0.02780397642635144
0 0.7965528364646497 0.3608515694826006 0.11257559471009308 0.033291997104515934
0 0.8037128890813682 0.37618547105417716 0.1415196420651398 0.0486644400324213
0 0.551536468077033 0.3370117708875614 0.1045810841867496 0.02980312406898662
0 0.5711510180629157 0.3509822256022911 0.0889560841867496 0.029075377997927986
0 0.5650298206796341 0.36693471133426747 0.0858310841867496 0.02892982878371626
0 0.553758391712204 0.3886106581911143 0.09189907366340577 0.026095927212139713
0 0.7469469495905944 0.3968468815170939 0.11441111049510902 0.03805227171162171
0 0.7147791916980866 0.39599501096276396 0.08519404735504672 0.01799232878371626
0 0.7008832916698517 0.42641025703382257 0.06524556840173404 0.023296258891340217
0 0.7382376204537552 0.59701170140947 0.1255306210184525 0.04168669396136267
0 0.7377902994211852 0.5758815641059171 0.1014560841867496 0.029657574854774892
0 0.70648709151456 0.5898734435515871 0.07002407366340595 0.025077082712657628
0 0.5879359706372819 0.4105198914418914 0.11560958944842134 0.03187504631872753
0 0.5894907653614926 0.4237647541383384 0.10292757892507787 0.028167849461880758
0 0.5527265127306566 0.424693707405326 0.11293961575678076 0.03954199710451576
0 0.7573824626035996 0.5491178569099879 0.11946263154179633 0.04452059553293921
0 0.7057667546969745 0.5640558062480342 0.10283657366340578 0.026605349461880756
0 0.7107426810335686 0.5418897078196109 0.10770608418674961 0.029948673283198345
0 0.7159461205243424 0.5236298593911874 0.07600105787839037 0.02068068114108108
0 0.7755185415992646 0.4973541497140589 0.13719616311182747 0.05469611621110389
0 0.6630108363234753 0.5159115587292337 0.09778505261671847 0.020137025640563168
0 0.7755115653473752 0.42998471319629433 0.07471157366340578 0.025295406533975395
0 0.7258755863940625 0.43856350062368177 0.07122255261671846 0.01889985731976367
0 0.7762851100715858 0.44326596319629435 0.1364681210184525 0.04219611621110388
0 0.6295157968609365 0.5057210754784566 0.10154708944842135 0.031220074854774894
0 0.6621462863375928 0.5010678087292336 0.10274556840173403 0.025042849461880755
0 0.7381627547675617 0.48812685298104663 0.12378611049510865 0.03848891935425698
0 0.627232960043351 0.4799762127820095 0.09557010523343692 0.03561647642635144
0 0.5213539573419279 0.5585443225829725 0.03216005261671846 0.017080492142117265
0 0.7691019416274996 0.4678849735353765 0.1411556210184525 0.0424144400324213
0 0.6119873916416169 0.4603186842459623 0.08913809471009326 0.032200377997927986
0 0.5749501232257654 0.4565601375129499 0.07930806840173403 0.023951230355292806
0 0.587298204781679 0.48026946526320896 0.09070059471009326 0.03227315260503403
0 0.571172675842484 0.47240346133426747 0.09842208944842135 0.031074525640563167
0 0.5542581916274995 0.4778914820124319 0.03850105787839038 0.01893409057054054