0 0.13049916679795198 0.5877951550794759 0.07890802434972924 0.13704862141421187
0 0.11177862012708839 0.4099057680561673 0.07257620373287824 0.1321428666048885
0 0.4417643547058129 0.3043130548014742 0.0537443831160271 0.12680060217691827
0 0.5324496302733581 0.40039193583433297 0.04530459172016936 0.09059028366526398
0 0.5293066339235108 0.7570958036203479 0.04527731818121907 0.08902778366526398
0 0.5101532593289002 0.8227927254900468 0.0502375535707225 0.10481647477225656
0 0.5352583993447863 0.8744197128761751 0.042370506492821744 0.10141865626060209
0 0.5928408486134377 0.9871652164195541 0.027353432629559825 0.02566956716089166
0 0.6547544675260053 0.9599677993591786 0.04689436525911965 0.08006440128164272
0 0.6617272163081893 0.9960689904661711 0.039580697240056396 0.007862019067657756
0 0.7987362926070831 0.9716890385594054 0.06545345048646745 0.05662192288118924
0 0.956097815745587 0.20359635842182203 0.07756371266133186 0.1494940577118811
0 0.98559835511285 0.3218478506172738 0.028803289774300113 0.11677083774894789