0 0.409375 0.87109375 0.03984375 0.23125
0 0.56171875 0.49375 0.03515625 0.1609375
0 0.71328125 0.40390625 0.04375 0.13671875
0 0.03828125 0.35 0.025 0.09609375
0 0.0875 0.33984375 0.02734375 0.109375
0 0.41015625 0.44296875 0.02578125 0.13671875
0 0.4125 0.40546875 0.02734375 0.121875
0 0.38203125 0.3453125 0.03046875 0.1203125
0 0.44140625 0.33671875 0.059375 0.13671875
0 0.528125 0.37578125 0.03515625 0.1296875
0 0.5734375 0.3796875 0.02421875 0.13359375
0 0.57734375 0.34453125 0.021875 0.10703125
0 0.64609375 0.36171875 0.02578125 0.13125
0 0.67890625 0.33671875 0.028125 0.1109375
0 0.69765625 0.31171875 0.01953125 0.09453125
0 0.76953125 0.23046875 0.021875 0.08671875
0 0.7765625 0.178125 0.01796875 0.07421875
0 0.83046875 0.13125 0.01640625 0.05546875
0 0.7828125 0.1046875 0.01796875 0.04296875
0 0.32265625 0.28125 0.01953125 0.1
0 0.403125 0.17578125 0.01484375 0.0703125
0 0.35078125 0.24375 0.02421875 0.04609375
0 0.35 0.240625 0.01015625 0.0515625
0 0.14609375 0.27578125 0.02578125 0.08125
0 0.17421875 0.27890625 0.025 0.0796875
0 0.14453125 0.2484375 0.01640625 0.06640625
0 0.24765625 0.27421875 0.01875 0.09296875
0 0.24453125 0.25625 0.01796875 0.1015625
0 0.22734375 0.16796875 0.01796875 0.06484375
0 0.23046875 0.15078125 0.015625 0.06484375
0 0.17265625 0.1484375 0.0125 0.059375
0 0.3140625 0.1046875 0.01171875 0.04609375
0 0.3359375 0.09921875 0.01171875 0.04609375
0 0.34375 0.103125 0.01015625 0.04609375
0 0.35703125 0.10390625 0.01015625 0.0515625
0 0.36796875 0.0953125 0.0125 0.05390625
0 0.4359375 0.18671875 0.009375 0.01875
0 0.4234375 0.1796875 0.009375 0.04453125
0 0.425 0.17421875 0.00859375 0.040625
0 0.43046875 0.18046875 0.00859375 0.03125
0 0.509375 0.109375 0.0125 0.0484375
0 0.56015625 0.09453125 0.00703125 0.03671875
0 0.52890625 0.090625 0.00859375 0.03671875
0 0.50078125 0.096875 0.01171875 0.02421875
0 0.47578125 0.11796875 0.009375 0.0390625
0 0.93203125 0.30859375 0.02890625 0.109375
0 0.97265625 0.24609375 0.02578125 0.08125
0 0.96796875 0.196875 0.015625 0.05703125
0 0.90390625 0.13359375 0.01796875 0.0296875