0 0.08005112662421385 0.6627027771923982 0.08134773442229637 0.12471935633066593
0 0.22117797193613695 0.7133049748394918 0.08018575262089363 0.13094208279171565
0 0.3232516116648191 0.7279111712687694 0.0692482526208936 0.13075116801906325
0 0.3872745388704299 0.7517656826328551 0.05031897748246603 0.07891593262956001
0 0.4439949082410465 0.7312662220001181 0.0973336798265045 0.10626936525911965
0 0.23115734192506227 0.8863742820636624 0.07639941856773758 0.14492276217486477
0 0.3334813055278677 0.8970742284929398 0.06516152991878954 0.14004434740221222
0 0.4515001203026924 0.8942338263021892 0.06309838217054295 0.13220457386326173
0 0.575107601024361 0.8772491034945876 0.1042845866740496 0.11731595941492116
0 0.6910527760705035 0.8580569983817374 0.10282221622369896 0.1188511858759707
0 0.8530020635474322 0.8638143003309022 0.08337130937615385 0.10758640340856687
0 0.5873839628368384 0.7100343299556371 0.10302247532299766 0.1219761858759707
0 0.46790038248431004 0.5896008733800898 0.07934514342931002 0.09346935633066593
0 0.5982585109542251 0.5646945564166869 0.08755816162790708 0.09985572402541756
0 0.6940740538298247 0.6769570028459644 0.09677247532299767 0.12186709172016937
0 0.7463572470745645 0.6526331128300782 0.07605945712440043 0.11526253571381488
0 0.7746627197766687 0.6615035523594971 0.037118070634920744 0.06776024431795698
0 0.9102578632059786 0.5670523486266188 0.03046755243632333 0.06140115016215582
0 0.9147939713178281 0.5084449618571436 0.07153264342930968 0.0933329886359143
0 0.7094963996031731 0.5580706351512127 0.07984579117755644 0.10128185633066593
0 0.6079315044758202 0.43810478287773646 0.07465764342931003 0.09338753571381489
0 0.5064085772702093 0.4149048364484589 0.08579540252860855 0.0967034504864674
0 0.7081317635751188 0.43323427638491474 0.06704540252860855 0.09637616801906326
0 0.6185662206995193 0.3208627357998358 0.07798290252860873 0.09656708279171564
0 0.529893746917681 0.2919758510589555 0.07974566162790708 0.09971935633066593
0 0.7217110070967138 0.3065763189985885 0.07591975478036198 0.08872730925276535
0 0.8023206570044288 0.3395058214342205 0.060094495681063266 0.08532957386326193
0 0.7921841934016234 0.3271967362068729 0.05676923658176456 0.08215002678536117
0 0.7932739289036539 0.22494844359319907 0.04276729333702498 0.05849433847375849
0 0.8063246414267251 0.2161365052815963 0.029466256939830515 0.04577615016215579
0 0.8631649267441854 0.18158818141833447 0.051220143429309674 0.09297843262955988
0 0.5519363325119967 0.1550252759778776 0.06458173658176455 0.08228639448011292
0 0.6321850370155034 0.16923205195245994 0.06664488433001133 0.09012616801906326
0 0.7241222131413801 0.17152916315438987 0.06518251387966068 0.09166139448011297
0 0.7190120134182353 0.06860871469651741 0.06674501387966067 0.09168866801906325
0 0.6440620781930599 0.06913659456613375 0.06956962523071261 0.08705571509696393
0 0.5676695589147285 0.05564288474417557 0.07093186613141392 0.08395798863591428
0 0.2384362345791799 0.23697429992056973 0.06351988433001132 0.09007162094116258
0 0.176447374307862 0.254444217939633 0.037879534237726234 0.05528751785690744
0 0.1918115584533032 0.23388625608907992 0.02544009099298643 0.031659103084255055
0 0.08730692628276021 0.36681357873452586 0.05913277297895927 0.09467730032431163
0 0.015152378548356915 0.3651068027599435 0.03030475709671383 0.09292388555165924
0 0.9316891795219627 0.4152852970844913 0.04563147748246621 0.07883411201270892
0 0.9771866563861199 0.14370062338338513 0.030206736581764915 0.08168637662320544
0 0.9601784315245474 0.09249267938973955 0.043668459283868796 0.07255683847375849
0 0.9344670326965667 0.07967507955189533 0.04266716378737563 0.05693183847375851
0 0.8613497077427092 0.06378307265203649 0.032691386489479515 0.047393197240056445
0 0.6432400578349944 0.03325364164403442 0.05057979333702498 0.0586307061685102
0 0.5384116579272794 0.005533385147917374 0.02005168414544123 0.011066770295834747
0 0.8510129850406052 0.05459898742468886 0.031790220542635694 0.03333069724005646