0 0.21171875 0.95625 0.03125 0.08203125
0 0.24453125 0.95703125 0.03828125 0.08359375
0 0.56640625 0.5421875 0.025 0.09140625
0 0.70390625 0.553125 0.028125 0.1046875
0 0.746875 0.60078125 0.02578125 0.0875
0 0.7625 0.68046875 0.02890625 0.0875
0 0.78359375 0.73359375 0.0390625 0.10234375
0 0.7921875 0.659375 0.01953125 0.07421875
0 0.80546875 0.675 0.0265625 0.0953125
0 0.740625 0.503125 0.02109375 0.0859375
0 0.8015625 0.521875 0.02890625 0.0953125
0 0.81484375 0.54375 0.02734375 0.0859375
0 0.8359375 0.5515625 0.01953125 0.08125
0 0.7 0.36171875 0.021875 0.0875
0 0.753125 0.346875 0.01953125 0.07734375
0 0.81328125 0.36796875 0.0234375 0.071875
0 0.83125 0.37265625 0.01875 0.06796875
0 0.846875 0.3484375 0.02421875 0.07421875
0 0.92734375 0.3296875 0.028125 0.0703125
0 0.47109375 0.7765625 0.0453125 0.0859375
0 0.58125 0.58125 0.0265625 0.07421875
0 0.01640625 0.33125 0.025 0.07734375
0 0.04296875 0.32890625 0.01640625 0.03828125
0 0.8296875 0.265625 0.01875 0.06953125
0 0.84296875 0.28203125 0.01796875 0.05625
0 0.909375 0.165625 0.01875 0.06015625
0 0.84765625 0.10625 0.01640625 0.05078125
0 0.86875 0.11328125 0.01484375 0.040625
0 0.9046875 0.0921875 0.0109375 0.05078125
0 0.52109375 0.321875 0.01328125 0.07421875
0 0.51875 0.29375 0.01640625 0.071875
0 0.75703125 0.16484375 0.0171875 0.05
0 0.82265625 0.0296875 0.009375 0.0390625
0 0.81328125 0.03359375 0.01015625 0.04296875
0 0.7828125 0.0140625 0.009375 0.028125
0 0.78203125 0.04140625 0.009375 0.04609375
0 0.77109375 0.03828125 0.00859375 0.04609375
0 0.8109375 0.134375 0.0125 0.046875
0 0.8 0.121875 0.0109375 0.03515625
0 0.79140625 0.11875 0.0078125 0.034375
0 0.7796875 0.121875 0.0109375 0.046875
0 0.78125 0.10625 0.0109375 0.0390625
0 0.76796875 0.109375 0.01171875 0.04296875
0 0.75859375 0.096875 0.0109375 0.05234375
0 0.7453125 0.09609375 0.0109375 0.05078125
0 0.73984375 0.09140625 0.009375 0.0421875
0 0.74453125 0.0859375 0.00390625 0.0171875
0 0.73359375 0.06015625 0.009375 0.0421875
0 0.7203125 0.0671875 0.009375 0.040625
0 0.70859375 0.06953125 0.00859375 0.03671875
0 0.7171875 0.03125 0.0078125 0.034375
0 0.70859375 0.01171875 0.00703125 0.0234375
0 0.66171875 0.015625 0.009375 0.03125
0 0.678125 0.05390625 0.00625 0.0421875
0 0.67109375 0.0515625 0.00703125 0.03828125
0 0.63671875 0.05 0.00859375 0.04296875
0 0.625 0.04453125 0.00859375 0.04453125
0 0.6515625 0.06875 0.00859375 0.04296875
0 0.65625 0.09765625 0.00703125 0.040625
0 0.6484375 0.11875 0.009375 0.05234375
0 0.63359375 0.11640625 0.01171875 0.046875
0 0.6203125 0.09375 0.009375 0.04453125
0 0.60625 0.11953125 0.01015625 0.05390625
0 0.590625 0.1234375 0.01015625 0.05390625
0 0.57734375 0.13359375 0.00859375 0.05234375
0 0.56953125 0.121875 0.00703125 0.040625
0 0.55078125 0.13828125 0.0078125 0.04296875
0 0.56640625 0.140625 0.01328125 0.04609375
0 0.5359375 0.17265625 0.0140625 0.0578125
0 0.525 0.1703125 0.01328125 0.05625
0 0.478125 0.2015625 0.0125 0.05234375
0 0.39296875 0.2796875 0.0171875 0.0703125
0 0.4546875 0.13828125 0.01171875 0.046875
0 0.43203125 0.12578125 0.01171875 0.04609375
0 0.37109375 0.175 0.01484375 0.06015625
0 0.378125 0.14765625 0.009375 0.0390625
0 0.440625 0.0984375 0.009375 0.040625
0 0.3171875 0.19765625 0.02109375 0.06640625
0 0.27734375 0.2375 0.015625 0.06640625
0 0.2625 0.2390625 0.015625 0.065625
0 0.49453125 0.05 0.0078125 0.04453125
0 0.4859375 0.034375 0.00859375 0.03828125
0 0.97421875 0.3921875 0.02578125 0.07578125
0 0.975 0.228125 0.021875 0.06171875
0 0.98984375 0.2703125 0.01875 0.05234375
0 0.3390625 0.06484375 0.00625 0.03515625
0 0.05546875 0.196875 0.0109375 0.0328125
0 0.04375 0.1734375 0.01328125 0.05625
0 0.02265625 0.1453125 0.01796875 0.0703125
0 0.21484375 0.2359375 0.01640625 0.0640625
0 0.2453125 0.209375 0.009375 0.034375
0 0.23515625 0.2046875 0.0171875 0.05625
0 0.2265625 0.209375 0.0109375 0.034375
0 0.3125 0.11796875 0.0140625 0.04609375
0 0.10703125 0.14765625 0.0125 0.05234375
0 0.125 0.21484375 0.015625 0.06640625
0 0.1421875 0.22421875 0.01640625 0.0484375
0 0.18671875 0.2125 0.01796875 0.071875
0 0.13828125 0.1640625 0.00859375 0.0328125
0 0.1375 0.13828125 0.0140625 0.05078125
0 0.165625 0.14609375 0.015625 0.0703125
0 0.1875 0.1703125 0.01015625 0.040625
0 0.18046875 0.13515625 0.01015625 0.0484375
0 0.2140625 0.15625 0.0140625 0.06171875
0 0.19375 0.140625 0.01015625 0.03828125
0 0.20390625 0.15390625 0.01015625 0.0328125
0 0.2609375 0.09296875 0.0125 0.02578125
0 0.3015625 0.08828125 0.01171875 0.04609375
0 0.29375 0.08515625 0.01015625 0.046875
0 0.3078125 0.0859375 0.01015625 0.05
0 0.32578125 0.040625 0.00625 0.03671875
0 0.26796875 0.06171875 0.01328125 0.040625
0 0.2828125 0.05625 0.0109375 0.03671875
0 0.28828125 0.0515625 0.00859375 0.03828125
0 0.28125 0.08671875 0.0109375 0.05078125