0 0.45961833446228084 0.7426634180223586 0.02622166327441171 0.05353410308425506
0 0.5051654505865115 0.6120622544675222 0.03657930913596861 0.07244774431795716
0 0.5307120844622808 0.7414224720001181 0.040605067842395925 0.0896897913958579
0 0.5673456252808837 0.7540764306042602 0.0233423247398008 0.0581670560063543
0 0.5646224219808389 0.060521299516827956 0.021206614653892508 0.04720228246740408
0 0.3886895222740946 0.37403219480771976 0.03131859905006031 0.06142842370110611
0 0.44073337912607097 0.42707932833078405 0.03625176051544958 0.06619774431795715
0 0.466514629126071 0.42662931493810347 0.03715916327441171 0.05372501785690744
0 0.4760567254625979 0.4147332869349262 0.04077548620519007 0.0631545649348082
0 0.48477662822155987 0.4020696457012242 0.027784163274411532 0.05356137662320539
0 0.4962087731786058 0.39639634415909664 0.024331614653892684 0.04725682954530477
0 0.5078556021022781 0.3500571323085436 0.020797178878243727 0.03938978246740401
0 0.5154976837394838 0.3765105381527422 0.032799211894930555 0.059893197240056394
0 0.6615205919255127 0.5068956931861619 0.026883404567984215 0.03637387662320535
0 0.618988933173657 0.575669012585197 0.025894114653892686 0.047284103084255236
0 0.6342487630018404 0.5535076404262185 0.02474105042954129 0.05506932954530477
0 0.6458413602428784 0.5658167256535661 0.0264673247398008 0.05822160308425524
0 0.8176887047703829 0.5026058392911279 0.023014776119281776 0.0519170560063543
0 0.5312311471047524 0.25894120860743747 0.013400758706427141 0.017405688311602673
0 0.48333255766563055 0.24022816477594766 0.018989017412854636 0.034675008928453724
0 0.07461265490666856 0.2598738319809367 0.02869156603337355 0.041088650162155814