0 0.178125 0.4921875 0.0125 0.0484375
0 0.18671875 0.50703125 0.0078125 0.02890625
0 0.48203125 0.2078125 0.0078125 0.02578125
0 0.39453125 0.246875 0.00625 0.03125
0 0.38671875 0.26171875 0.00625 0.034375
0 0.36171875 0.26484375 0.0125 0.0296875
0 0.3609375 0.2265625 0.00703125 0.025
0 0.31875 0.32578125 0.01015625 0.046875
0 0.3375 0.334375 0.0109375 0.02734375
0 0.275 0.32890625 0.00546875 0.0328125
0 0.2765625 0.28984375 0.01015625 0.040625
0 0.15703125 0.09140625 0.00625 0.02890625
0 0.49765625 0.2171875 0.0078125 0.02578125
0 0.1890625 0.24140625 0.009375 0.02734375
0 0.21171875 0.2140625 0.01015625 0.02890625
0 0.2453125 0.2421875 0.009375 0.03125
0 0.2484375 0.23515625 0.01015625 0.0390625
0 0.2546875 0.221875 0.00859375 0.03671875
0 0.26484375 0.2234375 0.01171875 0.03671875
0 0.22890625 0.25 0.0109375 0.03515625
0 0.2265625 0.26015625 0.00859375 0.02890625