0 0.004650431668853131 0.2140625 0.009300863337706262 0.05
0 0.008533565841485282 0.13515625 0.017067131682970565 0.0515625
0 0.03329100664767698 0.171875 0.06658201329535396 0.0546875
0 0.023695834257336755 0.13203125 0.04739166851467351 0.0671875
0 0.04400906328123653 0.1296875 0.08269067363517102 0.0515625
0 0.0702376343138065 0.10859375 0.07809417889684286 0.053125
0 0.06006597376222792 0.08203125 0.09904371572854583 0.0640625
0 0.09118790016940921 0.178125 0.08783319994353027 0.059375
0 0.09888627908036951 0.13984375 0.09179265785015547 0.046875
0 0.13418674224866656 0.15078125 0.08259966837349916 0.05
0 0.13466488438439367 0.1828125 0.05521812101845254 0.0359375
0 0.17901412386104995 0.1859375 0.08921368942018662 0.05625
0 0.21224385281436256 0.1921875 0.08884966837349921 0.05
0 0.2105217290944869 0.1546875 0.08352513154179624 0.0390625
0 0.21630129223454914 0.1359375 0.0840711631118273 0.0484375
0 0.2652007947947979 0.0609375 0.07157116311182729 0.0484375
0 0.24032335018352663 0.19296875 0.08554265785015547 0.046875
0 0.26422358176767513 0.1984375 0.0903211631118273 0.0484375
0 0.24852996330947139 0.159375 0.08884966837349921 0.05
0 0.2955722923051363 0.21015625 0.08021812101845249 0.0359375
0 0.3060085343420414 0.13828125 0.0903211631118273 0.0484375
0 0.37221736326711913 0.11484375 0.09050317363517105 0.0515625
0 0.2952761606927529 0.175 0.06735409997176518 0.0296875
0 0.3396863133518237 0.20390625 0.06477513154179623 0.0390625
0 0.3378353870152296 0.18203125 0.10098564732681173 0.04375
0 0.36872136596854216 0.18828125 0.037575594710093266 0.028125
0 0.34687645804779954 0.1609375 0.07102513154179615 0.0390625
0 0.3710952080477995 0.1609375 0.0790196420651399 0.0421875
0 0.3904745396037132 0.13671875 0.09831567363517095 0.0515625
0 0.4069424318100275 0.24296875 0.08683214206513998 0.0421875
0 0.42351528178179254 0.21328125 0.060178636803468064 0.040625
0 0.40607715280024514 0.17734375 0.08370714206513999 0.0421875
0 0.43999712649188594 0.18515625 0.07718412628012424 0.0375
0 0.42909742384693256 0.17109375 0.06633763154179614 0.0390625
0 0.4358402475103384 0.14921875 0.08241765785015556 0.046875
0 0.47402278697287736 0.1375 0.0791106473268119 0.04375
0 0.47169444752445583 0.1640625 0.08040013154179633 0.0390625
0 0.4757302291650741 0.22890625 0.06459312101845249 0.0359375
0 0.4974687212725664 0.23125 0.05797909997176518 0.0296875
0 0.4784225896601829 0.19609375 0.0755306210184525 0.0359375
0 0.49446481861349556 0.20234375 0.07543961575678075 0.034375
0 0.5015261606927529 0.175 0.08196263154179632 0.0390625
0 0.5183496396460655 0.18125 0.07222361049510884 0.0328125
0 0.5261537053463765 0.0875 0.07534861049510884 0.0328125
0 0.5188648501129395 0.11875 0.07534861049510884 0.0328125
0 0.5467014237763453 0.096875 0.06753611049510884 0.0328125
0 0.5210636579207426 0.02734375 0.09041216837349922 0.05
0 0.5102549605374611 0.01171875 0.07949007892507787 0.0234375
0 0.5328139580477995 0.1609375 0.08683214206513981 0.0421875
0 0.6054247054169636 0.16171875 0.07682010523343692 0.03125
0 0.5237427949359722 0.209375 0.07525760523343691 0.03125
0 0.5410590975526908 0.19375 0.06588260523343692 0.03125
0 0.5606813528143626 0.1921875 0.056143584186749605 0.025
0 0.5472335028425974 0.221875 0.08159861049510883 0.0328125
0 0.5666205396743004 0.2109375 0.0670810841867496 0.025
0 0.576746697595043 0.23828125 0.06165013154179633 0.0390625
0 0.5903387607351052 0.21953125 0.06450211575678075 0.034375
0 0.591658337029347 0.196875 0.06386507892507787 0.0234375
0 0.6086183238751675 0.20078125 0.04346157366340577 0.021875
0 0.6289231185993781 0.1875 0.05449007892507769 0.0234375
0 0.6200339660108944 0.2328125 0.06275760523343692 0.03125
0 0.6268222923051363 0.21015625 0.05632559471009326 0.028125
0 0.643600268627613 0.2171875 0.06119510523343692 0.03125
0 0.6452236818100274 0.24296875 0.07378611049510883 0.0328125
0 0.6554331397166526 0.25546875 0.07314907366340595 0.021875
0 0.6650734502258789 0.2375 0.06257559471009326 0.028125
0 0.6661655133659411 0.21875 0.07682010523343692 0.03125
0 0.6884423317676752 0.1984375 0.06377407366340578 0.021875
0 0.7063277817817927 0.21328125 0.05623458944842134 0.0265625
0 0.7087093291368392 0.19921875 0.048149073663405775 0.021875
0 0.6664693502541137 0.2671875 0.07057010523343692 0.03125
0 0.6664770555299031 0.28046875 0.03555806840173403 0.0203125
0 0.21552993458203776 0.390625 0.11090667889684287 0.053125
0 0.226461187354048 0.53828125 0.1043836631118273 0.0484375
0 0.24614508482203412 0.64296875 0.12019067363517097 0.0515625
0 0.24567610600989584 0.78515625 0.1113617052052021 0.0609375
0 0.3534394582595611 0.38359375 0.09996917889684287 0.053125
0 0.3752318872975783 0.47890625 0.10327618942018653 0.05625
0 0.38380397951801 0.6 0.08196263154179614 0.0390625
0 0.4243919111868631 0.69453125 0.10291216837349922 0.05
0 0.36859766651912207 0.7671875 0.1031851841585147 0.0546875
0 0.37289105339317735 0.80078125 0.08572466837349921 0.05
0 0.28743169552890446 0.8328125 0.10216871572854576 0.0640625
0 0.49320136632147804 0.559375 0.08857665258848364 0.0453125
0 0.49926862677423467 0.48203125 0.09491765785015538 0.046875
0 0.4688292398295921 0.37421875 0.09041216837349922 0.05
0 0.5098890664061827 0.6484375 0.08655912628012423 0.0375
0 0.5260608270001136 0.71953125 0.08370714206513981 0.0421875
0 0.5367979898295921 0.37421875 0.08499662628012442 0.0375
0 0.5565119793768357 0.4515625 0.08325211575678075 0.034375
0 0.5692479268307042 0.54140625 0.07405912628012441 0.0375
0 0.5900994821488459 0.59921875 0.08196263154179632 0.0390625
0 0.5955836427004245 0.62578125 0.08168961575678076 0.034375
0 0.6114291796027146 0.6890625 0.08040013154179633 0.0390625
0 0.6311340058263692 0.5921875 0.08040013154179615 0.0390625
0 0.6324227610174539 0.51640625 0.06579159997176517 0.0296875
0 0.6161677004376405 0.46015625 0.07066111049510884 0.0328125
0 0.603105529292131 0.3625 0.07829159997176519 0.0296875
0 0.6552672687687873 0.365625 0.07507559471009326 0.028125
0 0.6603650214702104 0.4390625 0.07038809471009326 0.028125
0 0.6839320531108287 0.50390625 0.07066111049510884 0.0328125
0 0.6947939584007354 0.53203125 0.08012711575678075 0.034375
0 0.6728055663355954 0.57421875 0.06119510523343692 0.03125
0 0.6983971005364624 0.5640625 0.06248458944842135 0.0265625
0 0.7234180292921311 0.3625 0.06735409997176518 0.0296875
0 0.7307832082595611 0.38359375 0.06230257892507769 0.0234375
0 0.7185338372411085 0.41953125 0.06257559471009344 0.028125
0 0.7294944530684764 0.459375 0.07057010523343692 0.03125
0 0.7446798373116957 0.49375 0.06744510523343691 0.03125
0 0.7551846978068045 0.4609375 0.055961573663405775 0.021875
0 0.7412432951477338 0.43203125 0.04962056840173403 0.0203125
0 0.02954656743925192 0.73046875 0.05909313487850384 0.05625
0 0.30095847134315357 0.30546875 0.10603716837349922 0.05
0 0.03244441879702219 0.815625 0.06488883759404437 0.05
0 0.01850228711405162 0.59453125 0.03700457422810324 0.0453125
0 0.6270259606080483 0.0859375 0.07258763154179633 0.0390625
0 0.6162319447524456 0.01640625 0.08003611049510884 0.0328125
0 0.6331464289674301 0.02109375 0.0743321420651398 0.0421875
0 0.6669908079489775 0.05703125 0.07047909997176519 0.0296875
0 0.6762215947806804 0.04609375 0.0708431210184525 0.0359375
0 0.6739919658697202 0.084375 0.06606461575678076 0.034375
0 0.6765100211172745 0.06796875 0.06753611049510884 0.0328125
0 0.6996444132530016 0.1 0.07736613680346807 0.040625
0 0.9091019842149844 0.0046875 0.050546031570031145 0.009375
0 0.915814715799133 0.01015625 0.04024556840173403 0.0203125
0 0.9177489421216098 0.0171875 0.038774073663405774 0.021875
0 0.8966405105939309 0.07109375 0.04971157366340577 0.021875
0 0.8977024816547357 0.0796875 0.044933068401734035 0.0203125
0 0.8890485474962209 0.134375 0.05945059471009344 0.028125
0 0.8901560211878617 0.1421875 0.03354054209337463 0.0125
0 0.8888287396178306 0.1515625 0.056143584186749605 0.025
0 0.860218621230214 0.18671875 0.03684755261671846 0.015625
0 0.8711183238751673 0.20078125 0.05449007892507751 0.0234375
0 0.8798030791368392 0.19921875 0.052745568401734035 0.0203125
0 0.7866145212584489 0.21640625 0.055688557878390374 0.0171875
0 0.7755405133659411 0.21875 0.06377407366340596 0.021875
0 0.682996697595043 0.23828125 0.06735409997176518 0.0296875
0 0.6990389265483555 0.24453125 0.059359589448421346 0.0265625
0 0.7325262607351052 0.21953125 0.057797089448421345 0.0265625
0 0.6850296344549809 0.25703125 0.05917757892507769 0.0234375
0 0.7084216318241449 0.2578125 0.04355257892507787 0.0234375
0 0.7249566844408635 0.2421875 0.054308068401734036 0.0203125
0 0.7182138607774575 0.2640625 0.04980257892507787 0.0234375
0 0.7174403160532468 0.27734375 0.06570059471009326 0.028125
0 0.7006322476515128 0.29765625 0.04024556840173403 0.0203125
0 0.7103789739739894 0.3046875 0.038956084186749604 0.025
0 0.7097874397731225 0.31484375 0.06248458944842135 0.0265625
0 0.7313508976091605 0.253125 0.04015456314006212 0.01875
0 0.74050608973077 0.2703125 0.046495568401734036 0.0203125
0 0.7561688870858168 0.25625 0.05632559471009344 0.028125
0 0.7411739476656302 0.3125 0.030688557878390376 0.0171875
0 0.7517320160673642 0.2921875 0.062393584186749604 0.025
0 0.7471278160532469 0.27734375 0.06413809471009327 0.028125
0 0.7662572476515127 0.29765625 0.059359589448421346 0.0265625
0 0.7615543370999343 0.27109375 0.049438557878390375 0.0171875
0 0.7739857186417305 0.23203125 0.056234589448421524 0.0265625
0 0.7754649186558479 0.246875 0.04667757892507769 0.0234375
0 0.7800236160391294 0.2625 0.05127407366340595 0.021875
0 0.7909765265907079 0.2890625 0.046586573663405774 0.021875
0 0.7855154818664972 0.30234375 0.058904563140062115 0.01875
0 0.7786739476656303 0.3125 0.05587056840173403 0.0203125
0 0.8064503371705213 0.3453125 0.054581084186749604 0.025
0 0.7757548030402416 0.4296875 0.05283657366340595 0.021875
0 0.800504174058694 0.39375 0.03234206314006229 0.01875
0 0.8304114819370845 0.3765625 0.057615078925077515 0.0234375
0 0.8392026530120067 0.4 0.054399073663405774 0.021875
0 0.8641725609327493 0.42734375 0.056143584186749605 0.025
0 0.8387707425310152 0.44765625 0.05908657366340577 0.021875
0 0.7738136004658752 0.48984375 0.06395608418674961 0.025
0 0.7556859557698995 0.5328125 0.07195059471009327 0.028125
0 0.7932083425733676 0.4921875 0.060467063140062116 0.01875
0 0.7237233242281033 0.571875 0.05770608418674961 0.025
0 0.6598358584995575 0.6359375 0.049984589448421345 0.0265625
0 0.6932020953453778 0.63984375 0.07213260523343692 0.03125
0 0.7248161163920652 0.63359375 0.05917757892507787 0.0234375
0 0.7576132058404866 0.60703125 0.059359589448421346 0.0265625
0 0.7637644953030256 0.5953125 0.06092208944842135 0.0265625
0 0.79942897951801 0.6 0.0603760578783902 0.0171875
0 0.7591533190370185 0.64765625 0.049529563140062294 0.01875
0 0.8196049716255022 0.60234375 0.051001057878390196 0.0171875
0 0.9245486188111396 0.41015625 0.0572510578783902 0.0171875
0 0.9526820531108285 0.50390625 0.03693855787839055 0.0171875
0 0.9014843031814159 0.578125 0.05292757892507751 0.0234375
0 0.8306033848079167 0.628125 0.03206904735504672 0.0140625
0 0.8535403558687215 0.63671875 0.0577970894484217 0.0265625
0 0.8439000453594951 0.6546875 0.05743306840173403 0.0203125
0 0.7612772611586281 0.66484375 0.06864358418674961 0.025
0 0.7705465743692775 0.7203125 0.05136507892507787 0.0234375
0 0.7480114217102068 0.69140625 0.054399073663405774 0.021875
0 0.7165794111868631 0.69453125 0.07351309471009326 0.028125
0 0.6396150927851291 0.71484375 0.07240562101845249 0.0359375
0 0.6281847691217232 0.73671875 0.07240562101845249 0.0359375
0 0.5930894323041377 0.7625 0.04575211575678075 0.034375
0 0.5635006428415987 0.77421875 0.04685958944842135 0.0265625
0 0.6260391692205453 0.840625 0.07240562101845249 0.0359375
0 0.6869157560381307 0.81484375 0.07847361049510884 0.0328125
0 0.5516152928698336 0.80390625 0.0916106473268119 0.04375
0 0.30174555353435173 0.94921875 0.09996917889684287 0.053125
0 0.3490755798427109 0.94140625 0.0688101841585147 0.0546875
0 0.3648594745386868 0.8984375 0.10153167889684286 0.053125
0 0.41786264817385776 0.846875 0.09491765785015542 0.046875
0 0.4539520666179442 0.87109375 0.05945059471009344 0.028125
0 0.45131989028134994 0.84921875 0.07883763154179632 0.0390625
0 0.8281693585701447 0.71015625 0.07038809471009336 0.028125
0 0.8361260717384417 0.72109375 0.07057010523343692 0.03125
0 0.2784144693476021 0.97421875 0.10144067363517104 0.0515625
0 0.3320932061934225 0.978125 0.07754814732681181 0.04375
0 0.7963979008752808 0.9203125 0.0755306210184525 0.0359375
0 0.791809111412742 0.93203125 0.06753611049510884 0.0328125