0 0.9125935318194793 0.0746915553888702 0.07452852773541671 0.05201025025210153
0 0.9188260012342709 0.10712164313605414 0.07620013050895835 0.056807010895763274
0 0.575047472167674 0.5333770486036062 0.09792966014423606 0.052086659907027585
0 0.6141671363959729 0.6675828037993863 0.11053876291777769 0.05764824505632156
0 0.6704723409931257 0.6996415509493947 0.09807513050895836 0.05833665990702759
0 0.7548837085843061 0.6953039761916611 0.09811149810013901 0.05989915990702741
0 0.8129689655181604 0.7029800823761768 0.11718880642076393 0.07527278763096845
0 0.7400587955902784 0.7307715826282785 0.07885235182361114 0.036713032183086726
0 0.7582639349329521 0.7396713352261685 0.10592399810013901 0.060445463125336295
0 0.5707450979269797 0.7183529821437459 0.09469555737069442 0.04718063861970414
0 0.6025776325962507 0.7748161495923419 0.10432513050895835 0.05877370248167466
0 0.627014588143334 0.7824976096155851 0.0964762629177777 0.05666489926336595
0 0.6391879330330911 0.801209404788122 0.08844555737069441 0.04674359604505725
0 0.4195819882195839 0.7124903842571032 0.09633079255305557 0.05041489926336577
0 0.4154406552976743 0.7699040465099193 0.08521145459715282 0.04183757475773362
0 0.44801807237576463 0.8247500836366847 0.07910692496187507 0.04765053218308672
0 0.4562306158787507 0.841391280418376 0.07420121941479181 0.03794775025210164
0 0.43482839456409794 0.8632334294296402 0.08223192496187504 0.04786905347041
0 0.431323494487848 0.9479908416824563 0.08077852773541672 0.05244729282674854
0 0.7937039403481949 0.37958078720363986 0.09516833605604162 0.06749313861970414
0 0.6173986263279867 0.5374582612247394 0.08542966014423606 0.05121257475773362
0 0.2496194467133681 0.03340880765778413 0.08379442496187509 0.047978314114071954
0 0.25181837955902786 0.06064329701412239 0.04280574905006951 0.02951253737886685
0 0.3480550931773271 0.8669536451528664 0.07583645459715278 0.041182010895763455
0 0.36704148252000074 0.8757987674289257 0.06159211664124999 0.03238616510280749
0 0.2635547662393411 0.9683301108760928 0.06631598423243057 0.034276447033792935
0 0.19055237091274385 0.9249186004845328 0.055451219414791676 0.03663662252816095
0 0.20118139959809112 0.9445209063007314 0.04266027868534723 0.02326253737886681
0 0.1863928541952439 0.9815510127373486 0.055014808320625 0.017886622528160957
0 0.34287075180295185 0.5433522541873739 0.07885235182361114 0.036713032183086726
0 0.3132378031897227 0.5477719564169469 0.07736258700597229 0.03972877153942491
0 0.23113904369041735 0.8195701827838349 0.05694098423243057 0.033620883171822415
0 0.1082301801832994 0.9181547842767739 0.04109777868534722 0.023153276735204998
0 0.10957447463621603 0.9086705236331121 0.04742051386770836 0.02671531930985225
0 0.08937042419937574 0.8811300316788838 0.01907730832062502 0.015373627723941042
0 0.11113632142583407 0.8749128826676194 0.05054551386770836 0.026933840597175518
0 0.10543118208316045 0.8651390449204355 0.050472778685347254 0.02380884059717552
0 0.2122085121552785 0.8803655711514373 0.05218074905006949 0.030168101240837332
0 0.19638349040378547 0.8728644275880548 0.03953527868534721 0.02304401609154354
0 0.19229540244788268 0.8653250791972091 0.036337543502986146 0.019700494804219915
0 0.1920044617184382 0.8528250791972092 0.050581881458888936 0.02849634059717552
0 0.1764885644919799 0.8586051856338266 0.042660278685347254 0.02326253737886681
0 0.1769243223757646 0.8437068053119955 0.04738414627652778 0.025152819309852248
0 0.16191691821545212 0.8377135314267822 0.05516027868534721 0.024136622528160956
0 0.15926404369041736 0.8245961723922747 0.05523301386770836 0.0272616225281606
0 0.15370437471246595 0.8210723346450909 0.04582164627652778 0.02504355866619008
0 0.14834472748600763 0.8261422468979068 0.015770470364722212 0.007342606436617416
0 0.12007425712128543 0.8218589384838182 0.04571254350298613 0.02035605866619008
0 0.12519751500507012 0.806632776231002 0.04255117591180557 0.01857503737886681
0 0.12412532427562568 0.7941874065528329 0.03946254350298615 0.01991901609154336
0 0.08777025018743126 0.8123800316788836 0.036373911094166676 0.021262994804219913
0 0.07198159602711873 0.806441388115501 0.014317073138263891 0.011920845792955603
0 0.06616670070052147 0.7583316700464862 0.02223867591180557 0.01715464901126431
0 0.10239514142996593 0.7683186752422663 0.044186411094166676 0.021809298022528623
0 0.0991064872696534 0.7615059465295898 0.04098867591180557 0.018465776735204997
0 0.0904757164680909 0.7268959997478984 0.0472750435029861 0.02046531930985207
0 0.08242682712541727 0.7172860529662072 0.04731141109416668 0.02202781930985207
0 0.11186040719753536 0.737920981058465 0.047275043502986135 0.02046531930985207
0 0.14231097340194507 0.7350091485070612 0.044150043502986146 0.02024679802252862
0 0.1631137826725006 0.7210341298176278 0.05516027868534721 0.024136622528160602
0 0.15653647435187562 0.7074086723922747 0.04891027868534721 0.023699579953513704
0 0.13209951880479226 0.6997272123690317 0.04727504350298615 0.02046531930985207
0 0.1550824239150353 0.6785570527141056 0.056795513867708355 0.027370883171822413
0 0.15548181420763946 0.6620961723922747 0.058285278685347205 0.024355143815484225
0 0.1629306382958339 0.645924869173966 0.056795513867708355 0.027370883171822413
0 0.15032153552229222 0.64211145432326 0.042623911094166675 0.02170003737886681
0 0.1623123892457644 0.619362369173966 0.045676175911805575 0.018793558666190435
0 0.1673453813619797 0.6338783372429809 0.04894664627652778 0.025262079953513705
0 0.19461574296923662 0.5951928956570696 0.06148301386770836 0.027698665102807673
0 0.189691853626563 0.5853644275880547 0.06319098423243057 0.034057925746469306
0 0.21189285552642406 0.5306005179331288 0.05686824905006942 0.030495883171822412
0 0.27437271209968783 0.4245037012211668 0.07572735182361115 0.03649451089576328
0 0.1436149810013893 0.5220721059324143 0.052071646276527786 0.02548060124083733
0 0.12595470231604208 0.5029614730126933 0.05054551386770836 0.026933840597175518
0 0.16338066071291704 0.42991745692115 0.06468074905006946 0.03104218639013112
0 0.13709091764677123 0.44349363786339946 0.042587543502986144 0.02013753737886681
0 0.09970132684107683 0.5181001539549428 0.04425914627652781 0.024934298022528622
0 0.17527994224805588 0.36961374145002523 0.07271145459715282 0.04096348960843983
0 0.20700141451263915 0.3204442679331288 0.07263871941479165 0.03783848960843983
0 0.20661955480524333 0.30403801793312873 0.06944098423243057 0.034494968321116384
0 0.06133046428388937 0.584167550368317 0.048910278685347246 0.023699579953513704
0 0.04401567771475743 0.5799006674485961 0.04255117591180557 0.01857503737886681
0 0.5020542217864244 0.9610428627176782 0.07994207313826393 0.016509792826748537
0 0.045102786187882306 0.424885385517611 0.03946254350298613 0.01991901609154336
0 0.12142301795177093 0.10653994108170814 0.034811411094166675 0.02115373416055818
0 0.09545992999586814 0.10053024170212677 0.06151938145888893 0.029261165102807674
0 0.06228375408406257 0.08719971521902321 0.07590918977951393 0.04430701089576328
0 0.19379159327423634 0.2572012227605918 0.07111258700597226 0.03929172896477802
0 0.17197179787138914 0.29472300209368696 0.03797277868534725 0.02293475544788164
0 0.16548540852871552 0.2850037946683339 0.05999324905006946 0.03071440445914586
0 0.16841038677722248 0.27619152338101044 0.03797277868534725 0.02293475544788164
0 0.09344871399954895 0.3839436752422663 0.05218074905006946 0.030168101240837332
0 0.08223453780340292 0.17109946781691326 0.05519664627652778 0.025699122528160735
0 0.15425500816812515 0.17232347820847344 0.07423758700597224 0.03951025025210155
0 0.1663374340799307 0.18712902338101042 0.055378484232430567 0.03351162252816069
0 0.1643216456109377 0.23500379466833393 0.07899782218833336 0.042963032183086725
0 0.10556358824024323 0.1984214384838181 0.036373911094166676 0.021262994804219913
0 0.07831075721819462 0.20423974974789844 0.05374324905006946 0.030277361884498966
0 0.09222844006385436 0.23065478427677372 0.07416485182361114 0.036385250252101556
0 0.12155291736243076 0.24660221236903163 0.042660278685347254 0.02326253737886681
0 0.08401654977125021 0.24766196781691327 0.052071646276527786 0.02548060124083733
0 0.11206946779927107 0.2762186565528329 0.06631598423243057 0.034276447033792845
0 0.09211999050069467 0.2596156645986046 0.042696646276527805 0.02482503737886681
0 0.10792682845659744 0.26633555816198723 0.036301175911805574 0.018137994804219914
0 0.05718325246854196 0.33874578972465536 0.028561411094166676 0.020716691585911207
0 0.061290177430416995 0.3807147684373319 0.05047277868534723 0.02380884059717552
0 0.05645720706569476 0.37479255036831705 0.050400043502986124 0.02068384059717552
0 0.06069076538631977 0.38858189875916277 0.055342116641250036 0.031949122528160775
0 0.023027764436389243 0.4178212845288753 0.026853440729444455 0.014357430942249394
0 0.029349193197986408 0.3532124813105666 0.04269664627652779 0.02482503737886681
0 0.026606052905382253 0.36983725259789 0.03641027868534724 0.022825494804219915
0 0.025207207065694757 0.37697776324155174 0.03324891109416668 0.021044473516896468
0 0.05536683254066003 0.3615659306901479 0.05367051386770836 0.027152361884498967