0 0.9220169423274284 0.23399244525654989 0.133076120413309 0.053823511720192306
0 0.94799363504764 0.2659340576873361 0.0642170361043533 0.030667811535622213
0 0.9363885145361353 0.28621627930970595 0.12211134933607007 0.04843510487264702
0 0.7098719872123805 0.44297262878368215 0.10479658430895533 0.025458679826504495
0 0.7154270956236368 0.4574659253599096 0.07360112646343317 0.03283108883351815
0 0.6905316347530526 0.4770367481542987 0.10019089754067192 0.03922079117755661
0 0.11920153541698246 0.47300909855112555 0.025063632513557366 0.012539572794389286
0 0.11912881254434551 0.46050909855112554 0.031295451795398097 0.009815090992986341
0 0.05650609269677067 0.4434205305370984 0.01876818071815923 0.004326554595791876
0 0.0565197282353901 0.4457642805370984 0.018759090359079612 0.002764054595791876
0 0.051119155928487224 0.45783348396087103 0.012518180718159244 0.003926036397194643