0 0.371875 0.7796875 0.01484375 0.06328125
0 0.4046875 0.7234375 0.01171875 0.028125
0 0.19765625 0.59453125 0.009375 0.021875
0 0.078125 0.67890625 0.0125 0.05
0 0.08046875 0.66796875 0.00625 0.02421875
0 0.09765625 0.7140625 0.01328125 0.04609375
0 0.1109375 0.69296875 0.01328125 0.0515625
0 0.11015625 0.77890625 0.01015625 0.05703125
0 0.11171875 0.74140625 0.00625 0.03125
0 0.10703125 0.75546875 0.00390625 0.021875
0 0.11796875 0.75390625 0.00859375 0.021875
0 0.12109375 0.77109375 0.00859375 0.03125
0 0.1296875 0.765625 0.009375 0.028125
0 0.1296875 0.7359375 0.01171875 0.04296875
0 0.15234375 0.75546875 0.009375 0.04453125
0 0.16484375 0.740625 0.01328125 0.0484375
0 0.2703125 0.60703125 0.00703125 0.021875
0 0.27890625 0.60546875 0.00859375 0.02578125
0 0.3015625 0.603125 0.009375 0.028125
0 0.26171875 0.93671875 0.0125 0.0703125
0 0.5234375 0.98046875 0.01328125 0.03515625
0 0.50390625 0.9765625 0.01328125 0.04609375
0 0.40703125 0.6640625 0.009375 0.04296875
0 0.4375 0.65859375 0.01015625 0.04609375
0 0.45546875 0.6859375 0.00625 0.028125
0 0.44609375 0.675 0.009375 0.04609375
0 0.44765625 0.665625 0.00859375 0.04296875
0 0.45 0.653125 0.00625 0.03515625
0 0.45703125 0.659375 0.00859375 0.03671875
0 0.471875 0.6609375 0.0125 0.040625
0 0.3609375 0.540625 0.01171875 0.040625
0 0.37421875 0.54375 0.00859375 0.0390625
0 0.3984375 0.54296875 0.01171875 0.040625
0 0.41484375 0.546875 0.01328125 0.0390625
0 0.44375 0.5453125 0.0125 0.0390625
0 0.48046875 0.54921875 0.009375 0.0390625
0 0.50234375 0.55 0.0125 0.040625
0 0.53125 0.675 0.0125 0.05
0 0.51796875 0.75546875 0.00859375 0.04453125
0 0.51640625 0.74140625 0.01015625 0.05
0 0.5203125 0.73203125 0.00703125 0.0203125
0 0.5671875 0.70703125 0.009375 0.0484375
0 0.6046875 0.734375 0.00703125 0.04296875
0 0.603125 0.80546875 0.0125 0.059375
0 0.61015625 0.79375 0.01484375 0.0609375
0 0.89609375 0.5890625 0.00859375 0.0484375
0 0.87890625 0.6203125 0.01328125 0.0484375
0 0.82109375 0.6109375 0.0125 0.040625
0 0.81796875 0.60625 0.0125 0.0390625
0 0.71640625 0.58046875 0.01484375 0.04296875
0 0.95234375 0.95703125 0.02109375 0.078125
0 0.96875 0.946875 0.01640625 0.06875
0 0.6375 0.865625 0.01640625 0.06875
0 0.634375 0.70078125 0.00859375 0.0390625
0 0.64140625 0.70625 0.00703125 0.0390625
0 0.63671875 0.75078125 0.009375 0.0203125
0 0.65 0.70546875 0.00859375 0.04453125
0 0.65546875 0.73359375 0.01015625 0.0515625
0 0.65546875 0.71640625 0.00859375 0.040625
0 0.67578125 0.6765625 0.009375 0.05390625
0 0.68671875 0.671875 0.01015625 0.03359375
0 0.6921875 0.66015625 0.01171875 0.04296875
0 0.70234375 0.675 0.009375 0.04296875
0 0.70546875 0.66953125 0.009375 0.04609375
0 0.72578125 0.67578125 0.01171875 0.0484375
0 0.67109375 0.78828125 0.015625 0.0609375
0 0.71015625 0.75703125 0.0125 0.0484375
0 0.715625 0.7609375 0.00859375 0.03359375
0 0.72421875 0.7609375 0.00859375 0.040625
0 0.71953125 0.79140625 0.009375 0.05390625
0 0.728125 0.79453125 0.00625 0.040625
0 0.73359375 0.76484375 0.01171875 0.0515625
0 0.7125 0.73125 0.01015625 0.03359375
0 0.72265625 0.734375 0.01484375 0.0390625
0 0.73515625 0.7359375 0.01171875 0.04296875
0 0.74140625 0.69609375 0.0125 0.04453125
0 0.76484375 0.70546875 0.01953125 0.05546875
0 0.74609375 0.73984375 0.01171875 0.04296875
0 0.7453125 0.7703125 0.009375 0.04453125
0 0.753125 0.753125 0.00859375 0.028125
0 0.75625 0.746875 0.00390625 0.01640625
0 0.78671875 0.71328125 0.015625 0.05546875
0 0.76328125 0.76875 0.0125 0.05546875
0 0.77890625 0.76875 0.0125 0.0484375
0 0.79609375 0.78671875 0.0125 0.05546875
0 0.8015625 0.78984375 0.015625 0.05390625
0 0.80703125 0.775 0.00625 0.02421875
0 0.8546875 0.67890625 0.01171875 0.04296875
0 0.85234375 0.725 0.009375 0.0390625
0 0.8109375 0.81953125 0.01328125 0.0609375
0 0.83828125 0.81171875 0.01640625 0.06484375
0 0.83515625 0.771875 0.00859375 0.03359375
0 0.853125 0.80390625 0.01640625 0.05546875
0 0.859375 0.828125 0.00859375 0.0296875
0 0.8578125 0.76953125 0.009375 0.04609375
0 0.86328125 0.778125 0.009375 0.0484375
0 0.54765625 0.53359375 0.00859375 0.03671875
0 0.56171875 0.46640625 0.00703125 0.03359375