0 0.7671031570031094 0.8960016006776368 0.04092737884037305 0.1145021157567804
0 0.7344572569748745 0.9276912164344175 0.02496917889684287 0.054399073663405774
0 0.7137429385731405 0.9085162822053157 0.047829826223654594 0.09933214206513981
0 0.5583064677240973 0.7027807636482898 0.031097352532014 0.1061435841867496
0 0.5437812361399488 0.7091140636341724 0.03561825256024882 0.07682010523343692
0 0.524401904584035 0.6859418741433986 0.033949336746998425 0.10163809471009344
0 0.5324092235504664 0.11009273470909464 0.010831084186749607 0.025546031570031102
0 0.5441279735504664 0.10941019524655578 0.00963260523343692 0.03170502630835923
0 0.5615360104527566 0.04490037421398581 0.004217063140062293 0.0189320105233437
0 0.5599735104527566 0.04499137947565766 0.004217063140062293 0.0189320105233437
0 0.547200494667741 0.041031921569032445 0.003762036831702886 0.0111195105233437