0 0.09087273575090485 0.9120611983045889 0.04645892017181654 0.023985463606069856
0 0.09738500734763089 0.8420569133584008 0.06273901741285455 0.03721320967712849
0 0.22302017243106476 0.9380157686112499 0.03371325870642723 0.01871576674922295
0 0.22182948665541596 0.9302396559148027 0.06915279172311406 0.040629308105551945
0 0.392595688034897 0.9160208364367115 0.06101274310259495 0.03401543507002245
0 0.36981992932846974 0.8998521809361935 0.08362472749876285 0.049096779569504534
0 0.48762822704447756 0.8763525607961482 0.06956222749876276 0.048441808105551945
0 0.45547414631178296 0.8755006902418183 0.077292840343633 0.04724318114108108
0 0.5841779211878693 0.671367500209397 0.07548467887824373 0.04248290653397539
0 0.5572613805964091 0.23248693672716164 0.0653726944820761 0.027983758891340128
0 0.4824273134313817 0.5977909131535131 0.06241146879233561 0.03096320967712849
0 0.47934657903521405 0.5838375750641719 0.06866146879233562 0.031254308105551944
0 0.030702202622676415 0.24213184201828267 0.03716580732694628 0.025111315963434678
0 0.012530977498762804 0.04483946505381193 0.021786468792335534 0.029071069892376143
0 0.012739017412854542 0.033865577750259 0.023021420171816527 0.022893844499482
0 0.1720398535726161 0.17446269086099084 0.049665807326946254 0.025693512820281584