0 0.2181104009623427 0.8640625 0.1235571719450392 0.0578125
0 0.19630829414014053 0.70546875 0.12989810015828454 0.0609375
0 0.20254627078317555 0.59765625 0.13247753087881237 0.0421875
0 0.1918611718785322 0.52578125 0.07917067445232169 0.0359375
0 0.22397733841329504 0.475 0.10383570533113406 0.078125
0 0.057770979875233275 0.64296875 0.07935253087881237 0.0421875
0 0.06166520651826829 0.53515625 0.0934150308788124 0.0421875
0 0.0738803985215672 0.41796875 0.11694345909205776 0.0453125
0 0.1047319302583094 0.296875 0.11031302586424747 0.0859375
0 0.14681647868809905 0.1859375 0.1133925617576248 0.084375
0 0.17264788981258558 0.0265625 0.10779577962517117 0.053125
0 0.27386001497718776 0.33671875 0.11651756175762476 0.084375
0 0.3698808717993899 0.4953125 0.09570495658477532 0.0671875
0 0.4217806894295094 0.37265625 0.1023641335443795 0.08125
0 0.32885374036658155 0.23984375 0.12924488229073816 0.0921875
0 0.36349551332783514 0.1953125 0.11261967194503919 0.0578125
0 0.3610009991420702 0.16328125 0.0680513180258309 0.0296875
0 0.4828867078384166 0.05625 0.06478992570596276 0.025
0 0.5418896347980207 0.0703125 0.09391513605166182 0.059375
0 0.4505839878592991 0.26171875 0.10043792069139794 0.06875
0 0.5499882574553403 0.40234375 0.09409699247815269 0.065625
0 0.5531480128656167 0.5109375 0.10084709765100222 0.0828125
0 0.5759848046314888 0.30234375 0.09511392319868044 0.046875
0 0.6702696652146146 0.428125 0.09409699247815269 0.065625
0 0.6801878859851549 0.52734375 0.09391513605166182 0.059375
0 0.7048599623907631 0.328125 0.08793792069139812 0.06875
0 0.6881378121533361 0.23671875 0.08573892319868044 0.046875
0 0.6987032391129404 0.25078125 0.08578438730530316 0.0484375
0 0.801175021245394 0.28203125 0.05564224623907634 0.0328125
0 0.8117942724990351 0.27109375 0.04921038981258548 0.0265625
0 0.8596945634069775 0.22578125 0.0932786385589445 0.0375
0 0.8214039193712498 0.54765625 0.08284124373179376 0.0546875
0 0.8236136255603137 0.4625 0.09079013605166182 0.059375
0 0.8404397612162642 0.36953125 0.09547763605166182 0.059375
0 0.9430479356685858 0.40546875 0.08881845909205772 0.0453125
0 0.9265256768930972 0.48203125 0.0844946719450391 0.0578125
0 0.925787542490788 0.5640625 0.07976170783841638 0.05625
0 0.6751954752563798 0.8390625 0.08560253087881228 0.0421875
0 0.6455821830947963 0.8953125 0.058721782132453625 0.03125
0 0.6695281484550601 0.8859375 0.03340353338609479 0.0203125
0 0.5159234268265902 0.95 0.09989235141192587 0.05
0 0.6391056155976907 0.08203125 0.08399456677218975 0.040625
0 0.7621195667721896 0.040625 0.07650031551854841 0.0515625
0 0.8126734962390764 0.0328125 0.08372178213245363 0.03125
0 0.9234949874635877 0.109375 0.08073317445232178 0.0359375
0 0.9644549565847754 0.1546875 0.07109008683044919 0.040625
0 0.9726993655976909 0.1859375 0.05460126880461828 0.04375
0 0.9754666644231917 0.2640625 0.049066671153616424 0.034375
0 0.9670213301000249 0.49453125 0.06595733979995018 0.0453125
0 0.9817987155248662 0.6109375 0.03640256895026752 0.01875
0 0.9843104670096166 0.2796875 0.031379065980766896 0.03125
0 0.9216907950645773 0.07421875 0.08582985141192552 0.05
0 0.94327027837153 0.0640625 0.10301735141192588 0.05
0 0.9621279269596041 0.046875 0.0757441460807918 0.0375
0 0.9518723885589443 0.0375 0.07085806927947225 0.01875
0 0.9731707270387464 0.10546875 0.053658545922507274 0.0328125
0 0.9712899782923877 0.08515625 0.057420043415224595 0.0359375
0 0.9796791398125855 0.06875 0.04064172037482905 0.03125
0 0.9965627629321236 0.0953125 0.006874474135752706 0.01875