0 0.45234375 0.53046875 0.02734375 0.0984375
0 0.88671875 0.77578125 0.04453125 0.07421875
0 0.72890625 0.4390625 0.03125 0.0703125
0 0.76875 0.3609375 0.03125 0.0703125
0 0.54453125 0.3703125 0.02265625 0.07421875
0 0.55859375 0.37578125 0.021875 0.07421875
0 0.215625 0.50546875 0.03359375 0.078125
0 0.33671875 0.41640625 0.028125 0.078125
0 0.32734375 0.41328125 0.02265625 0.0703125
0 0.27265625 0.559375 0.03125 0.08515625
0 0.29921875 0.5796875 0.025 0.08125
0 0.06484375 0.85625 0.04765625 0.07578125
0 0.103125 0.32578125 0.03359375 0.0703125
0 0.1140625 0.30390625 0.034375 0.0703125
0 0.575 0.83515625 0.02734375 0.08125
0 0.5140625 0.28203125 0.02578125 0.07578125
0 0.4125 0.18046875 0.025 0.0796875
0 0.528125 0.18359375 0.01640625 0.07421875
0 0.525 0.10859375 0.01640625 0.0609375
0 0.62265625 0.13125 0.02109375 0.078125
0 0.68125 0.1984375 0.02109375 0.08125
0 0.6640625 0.140625 0.021875 0.08125
0 0.66328125 0.34140625 0.021875 0.06484375
0 0.8578125 0.321875 0.02578125 0.08515625
0 0.89453125 0.371875 0.03984375 0.0890625
0 0.1671875 0.346875 0.03828125 0.08359375
0 0.746875 0.07421875 0.02265625 0.07421875
0 0.75859375 0.0796875 0.01796875 0.0703125
0 0.8546875 0.15703125 0.02578125 0.05546875
0 0.86953125 0.178125 0.02265625 0.0515625
0 0.90703125 0.25390625 0.02734375 0.0703125
0 0.91484375 0.26875 0.03359375 0.07421875
0 0.9421875 0.25078125 0.03046875 0.07578125
0 0.96484375 0.14453125 0.03125 0.07421875
0 0.20546875 0.3734375 0.03671875 0.0796875
0 0.20703125 0.38671875 0.034375 0.078125
0 0.02734375 0.11640625 0.03515625 0.06640625
0 0.2546875 0.1 0.02578125 0.0703125
0 0.29609375 0.03828125 0.01953125 0.05703125
0 0.3140625 0.0390625 0.01953125 0.06640625
0 0.38203125 0.075 0.02421875 0.071875
0 0.34296875 0.11953125 0.01875 0.06484375
0 0.35078125 0.1296875 0.01875 0.059375
0 0.36484375 0.18203125 0.01953125 0.06875
0 0.3859375 0.16484375 0.01796875 0.06328125
0 0.29609375 0.21328125 0.02421875 0.07421875
0 0.28828125 0.2265625 0.02421875 0.06875
0 0.26484375 0.15703125 0.02578125 0.06640625
0 0.24375 0.03125 0.01875 0.05546875
0 0.6828125 0.0953125 0.015625 0.0390625
0 0.721875 0.0265625 0.0125 0.053125
0 0.9546875 0.025 0.02578125 0.05
0 0.9515625 0.0546875 0.028125 0.071875
0 0.9640625 0.2984375 0.03671875 0.05546875
0 0.96328125 0.34375 0.02734375 0.05703125
0 0.9578125 0.43046875 0.04296875 0.0796875
0 0.68671875 0.28828125 0.015625 0.06484375
0 0.48671875 0.0359375 0.015625 0.071875
0 0.49921875 0.05859375 0.01640625 0.06875
0 0.50859375 0.04609375 0.00859375 0.05546875
0 0.11953125 0.06796875 0.028125 0.0609375
0 0.07265625 0.05 0.03359375 0.0703125
0 0.03984375 0.05546875 0.03671875 0.06328125
0 0.09609375 0.028125 0.021875 0.05546875
0 0.0796875 0.0296875 0.01953125 0.059375
0 0.3015625 0.08125 0.015625 0.03671875