0 0.083899773959872 0.2816170486325725 0.09409861049510884 0.04033769970043757
0 0.3304940528990672 0.25293484180513315 0.1224056210184525 0.045758523337859194
0 0.11546902139962326 0.3536834962069782 0.11174113680346806 0.04955320303441742
0 0.17268998719875622 0.35912055317450037 0.16265118942018658 0.0692596672787226
0 0.11159869567007878 0.9674750581754701 0.15218412628012437 0.04974439273291509
0 0.15059257721187502 0.9254152328710585 0.05843412628012441 0.04209164727484307
0 0.39706575881014095 0.9255117302859848 0.062393584186749604 0.029974284547746775
0 0.3973086825158991 0.9480404345283503 0.07672909997176518 0.0358096963664579
0 0.5786643693052499 0.8780314681580131 0.10227513154179632 0.04722542848861018
0 0.5537399640153431 0.8520747460378002 0.09326415258848364 0.052710153942803116
0 0.6092688981738578 0.7931144631570433 0.11366765785015538 0.055930748792052044
0 0.6638716401401756 0.6432581133068245 0.08132559471009326 0.03462983363936125
0 0.6728517979903311 0.5958729302762864 0.07847361049510884 0.03906224212409235
0 0.655823192686307 0.554498502246718 0.07176858418674961 0.030739559093554192
0 0.6742847663497129 0.5312204989127383 0.0748935841867496 0.030994650608823095
0 0.6959700505505799 0.519342381184672 0.06855257892507786 0.028921967578284934
0 0.700232616321478 0.4995560396694029 0.06984206314006211 0.024362013335919565
0 0.7107528873681654 0.4924769922447784 0.07774556840173404 0.026562242124092174
0 0.32977038494909106 0.7459515181677115 0.11871917889684287 0.06256338606495575
0 0.17032457941918794 0.47983166590159676 0.1001665999717651 0.037722882730975724
0 0.17714372681658686 0.5095989142346068 0.13112817363517099 0.06202125212603189
0 0.5828363448512676 0.07216397649296291 0.08123458944842135 0.0330673336393613
0 0.4989541685146735 0.05724022028404509 0.05963260523343692 0.03596919303247781
0 0.4843078395895958 0.08176185922393864 0.09924113680346806 0.04853283697334119
0 0.4950710343420413 0.09721151604167963 0.062211573663405774 0.026849284547746887
0 0.1570069901119408 0.6550867574168657 0.06855257892507778 0.028921967578284934
0 0.17003063487850384 0.6851250727193378 0.12276964206513989 0.0520085233378591
0 0.07629625294847818 0.6931604554503135 0.15259250589695636 0.08475712152108805
0 0.1061508744257473 0.7673155615094501 0.07929265785015546 0.05312474212409235
0 0.11476003497732587 0.7930490140848256 0.09344616311182734 0.05583515394280312
0 0.12544763501967818 0.8364961251449319 0.08681673151356134 0.07550992515463043
0 0.13358635871131894 0.8436071234779421 0.05136507892507773 0.027518964244305267
0 0.5858486818100275 0.19399117906833843 0.08968412628012441 0.04464256242753399
0 0.6114325107351052 0.16857671982500314 0.07516659997176518 0.03568215060882318
0 0.5898228212443314 0.1524573833107039 0.07185958944842134 0.0323020590935541
0 0.5636243422910189 0.148375661190491 0.07185958944842134 0.0323020590935541
0 0.545677979094487 0.10940875603973996 0.07185958944842134 0.03230205909355409
0 0.5409981843702762 0.12300887043382629 0.07985409997176518 0.036064787881726755
0 0.5572756317535578 0.13723086709984642 0.02939907366340595 0.024170823637421623
0 0.527406121230214 0.1427792364949026 0.05118306840173403 0.024393964244305087
0 0.4582921001835267 0.15464124983082211 0.09933214206513981 0.05009533697334119
0 0.48811610807603445 0.14987413043576597 0.04456904735504672 0.017633781213766974
0 0.48391518451145055 0.2754002889204969 0.11192314732681172 0.05267820303441741
0 0.49969210295553684 0.298216035586517 0.08123458944842135 0.03306733363936125
0 0.46830559506302916 0.3031107007392077 0.10053062101845249 0.04397288273097573
0 0.3406587371987563 0.3454093842287878 0.11817314732681172 0.05318838606495557
0 0.17172891374711186 0.6025676642346068 0.14288472099021768 0.07697657242947357
0 0.5103118135635851 0.38287807801017165 0.10898015785015538 0.05554811151914833
0 0.4341680005646974 0.5554862727096394 0.10567314732681173 0.052168020003879434
0 0.45435242697187855 0.6494755177086696 0.09998458944842134 0.03459788273097573
0 0.47438420591107383 0.6392874457382379 0.10053062101845249 0.04397288273097573
0 0.4897207795744797 0.6162645339195271 0.10347361049510884 0.0411029742462448
0 0.21572881370475955 0.5546564516572916 0.12845819994353028 0.06957866061076282
0 0.21627484527479063 0.5452814516572916 0.10347361049510884 0.0411029742462448
0 0.2920953506776368 0.6852689807450267 0.10007559471009327 0.03616038273097573
0 0.3023804032943553 0.6688787061992194 0.10236613680346807 0.048787928488610174
0 0.28440394801856606 0.6571280052908339 0.05292757892507769 0.02764651000193972
0 0.30718900063528454 0.6397173646839505 0.10687162628012441 0.04604556576151388
0 0.3245963085136748 0.6211906342287878 0.10816111049510883 0.041485611519148334
0 0.33423661902290114 0.6025203825617979 0.09713260523343692 0.03903029121570665
0 0.3188846348079167 0.5991083401381433 0.08775760523343701 0.03826501666989941
0 0.3329849321629633 0.5839617011982496 0.09400760523343692 0.038775199700437565
0 0.2676861558546041 0.5970673501400828 0.10879814732681181 0.05242311151914834
0 0.2607382058404866 0.5828613289282556 0.1372871683734992 0.06096893515656987
0 0.49949759797621374 0.5952505322525371 0.10043961575678076 0.04241038273097573
0 0.48069439006958853 0.5843448542229688 0.08601309471009326 0.03501247091226496
0 0.487073192686307 0.568273444071248 0.08159861049510883 0.039317333639361254
0 0.49841251108804113 0.5471318966466234 0.08793961575678075 0.04139001666989941
0 0.31656327161138476 0.5588659774110468 0.11174113680346806 0.04955320303441759
0 0.3462962742422207 0.5556613580159906 0.08435958944842144 0.03332242515463033
0 0.36047987158314987 0.5257347419549143 0.0654275789250777 0.028666876063016034
0 0.3331801661661863 0.36701331725932596 0.11955363680346806 0.0501909318225902
0 0.3327328451336163 0.38804329438050866 0.09851309471009326 0.036032836973341184
0 0.36328489511949885 0.3707761749854525 0.06699007892507769 0.028794421820650486
0 0.466828582120611 0.5287166075569487 0.11119510523343692 0.04017820303441759
0 0.46672987158314994 0.517061630435766 0.09842208944842135 0.03447033697334127
0 0.5019771268448217 0.5126293508889889 0.10852513154179633 0.04773561151914833
0 0.3124812583160308 0.4153550934721231 0.11321263154179624 0.048118248792052044
0 0.3618288109327493 0.3957761749854525 0.100257605233437 0.039285382730975725
0 0.3567394925310152 0.4164075393795389 0.1067806210184525 0.04448306576151388
0 0.35174117939095306 0.4354764037736252 0.07507559471009326 0.03411965060882309
0 0.29398959257336754 0.4658493010484685 0.1325996683734992 0.06058629788366652
0 0.40068691360593756 0.43614621240813733 0.0967685841867496 0.03278029121570665
0 0.2910396268448217 0.5298480281696512 0.07167757892507769 0.02917705909355419
0 0.33767940841485283 0.5167104283194324 0.06846157366340595 0.027359467578284936
0 0.2909864189381965 0.5174118010484685 0.12856461575678074 0.04470620636839726
0 0.4321721320359064 0.44290652437662936 0.09905912628012441 0.045407836973341276
0 0.4006036136200549 0.45092618952932 0.09842208944842135 0.03447033697334127
0 0.3286453136341724 0.4715732715016914 0.11955363680346806 0.0501909318225902
0 0.43227854784915687 0.46777897861899476 0.09455363680346807 0.04815019970043757
0 0.5375190556710774 0.38298977725156724 0.03234206314006212 0.021300915152690704
0 0.2978657504941101 0.4927466408967476 0.1349056210184525 0.04677888939893542
0 0.4476382373399305 0.48440849816383214 0.08325211575678075 0.041007379396995704
0 0.48178572418575094 0.4855087414958724 0.07774556840173404 0.02656224212409235
0 0.4714320531108287 0.46302783467813147 0.08445059471009327 0.034884925154630333
0 0.48660202680246945 0.4695648771017861 0.09547909997176518 0.03734024545807202
0 0.502545545218321 0.46282066952544076 0.0370295631400623 0.021683552425594322