0 0.45390625 0.75859375 0.0109375 0.0484375
0 0.48125 0.628125 0.0140625 0.06640625
0 0.52109375 0.746875 0.01640625 0.08203125
0 0.55703125 0.75390625 0.009375 0.05390625
0 0.4734375 0.09453125 0.00625 0.04296875
0 0.34375 0.41953125 0.01328125 0.0546875
0 0.39921875 0.46171875 0.0140625 0.06171875
0 0.4234375 0.4578125 0.01875 0.046875
0 0.43125 0.44453125 0.02109375 0.0546875
0 0.4375 0.43125 0.0109375 0.05
0 0.44765625 0.4234375 0.01171875 0.04453125
0 0.45390625 0.378125 0.01015625 0.03515625
0 0.4640625 0.40234375 0.01875 0.05390625
0 0.6171875 0.5046875 0.01796875 0.03125
0 0.584375 0.5765625 0.01015625 0.04453125
0 0.596875 0.553125 0.009375 0.05
0 0.609375 0.5625 0.01015625 0.05390625
0 0.7640625 0.47734375 0.0109375 0.05
0 0.46484375 0.2890625 0.0078125 0.015625
0 0.41796875 0.27734375 0.009375 0.03125
0 0.0328125 0.3578125 0.015625 0.0328125