0 0.9373312168420078 0.011242000664317103 0.026341256939830516 0.022484001328634207
0 0.8987088078349943 0.0014204615746423455 0.07714229333702498 0.002840923149284691
0 0.8362693645902546 0.01916587756082802 0.09825582973421945 0.03833175512165604
0 0.7857582248615724 0.007407188925346054 0.08747901603912886 0.014814377850692107
0 0.790636689544112 0.020186243621904305 0.0569904796419344 0.04037248724380861
0 0.7443729588224434 0.038714263456605766 0.09100453423772628 0.06183006242753397
0 0.7113404133259502 0.05695395148811374 0.09549177513842758 0.05908769970043759
0 0.7068124020671833 0.021533332866209436 0.08864099784053181 0.04306666573241887
0 0.6986389566629752 0.013649072260295774 0.08581638648947969 0.02729814452059155
0 0.6818333860280543 0.06868854800435265 0.09216651603912887 0.05570760818516851
0 0.6584261644056844 0.0822567114900534 0.09206638648947969 0.05414510818516853
0 0.6675799213455147 0.036434028459515266 0.09529151603912886 0.05596269970043759
0 0.6266557302602432 0.10505635376392683 0.08501535009228504 0.041134925154630374
0 0.604699189544112 0.03534963164371395 0.09196625693983033 0.05258260818516851
0 0.5324434577427093 0.03503050937371984 0.09559190468807692 0.06065019970043759
0 0.6219775246770023 0.06891155967328226 0.07221496144333699 0.035427059093554106
0 0.5793802120616459 0.11513272649296291 0.0663654796419344 0.041166876063015945
0 0.5785384053063858 0.09188654512941472 0.10749112739018099 0.05229556576151386
0 0.5471184245847172 0.10921743740328815 0.039402461443337165 0.03274859818322886
0 0.5657275246770023 0.07350320694812554 0.0788654796419344 0.042187242124092215
0 0.5402769417035802 0.0825751890702781 0.08072836829088245 0.04700228788172676
0 0.5165786258490215 0.06430342119243067 0.10330427513842758 0.05972542848861027
0 0.5146878539497963 0.17870076104070978 0.09362888648947951 0.05427265394280303
0 0.49373380629383484 0.15398767452641055 0.06530362739018099 0.048851830305381407
0 0.5058123041343665 0.11103489998060334 0.09030362739018098 0.050892562427534
0 0.4717982495385747 0.13246336089092858 0.08209060919158376 0.04400483363936129
0 0.48159355413436655 0.11301185922393864 0.0694904796419344 0.04142196757828502
0 0.47122655305463235 0.09287470240619765 0.08924177513842757 0.05857751666989943
0 0.42913918260428174 0.09475593786233011 0.07760336829088241 0.0467471963664577
0 0.4359806654854186 0.12139818619534015 0.08531573874123306 0.04582242515463038
0 0.44173121530084847 0.18931913877071568 0.07477875693983016 0.051179604851188644
0 0.41852425277777716 0.19976230225641645 0.05971496144333717 0.03440669303247783
0 0.43455906539313355 0.1557094133165229 0.08375323874123305 0.04569487939699583
0 0.41740184377076356 0.1687673937716855 0.0775032387412331 0.04518469636645772
0 0.40582279611480204 0.14328903271157906 0.08864099784053163 0.04920251666989946
0 0.38949688926725684 0.1555019902879244 0.07720285009228504 0.040497196366457676
0 0.3674797917958654 0.06248531392534605 0.0819904796419344 0.04244233363936132
0 0.37958976557770363 0.09180615210663523 0.08072836829088229 0.04700228788172676
0 0.3477284962993722 0.07964086301696047 0.0708527205426357 0.03842451333591956
0 0.36210997378183823 0.013520946281868762 0.09196625693983033 0.027041892563737523
0 0.3718483143133994 0.13984503937953882 0.09010336829088228 0.04776756242753395
0 0.2954965653931335 0.16706098574599654 0.0786652205426357 0.03906224212409226
0 0.3882755482742704 0.18668821740910715 0.07836483189368781 0.034374742124092215
0 0.3671515198966403 0.17675510801599065 0.0708527205426357 0.03842451333591956
0 0.3465386312476923 0.1831007028652396 0.057751943244739756 0.028029147274843246
0 0.36514892890365386 0.20800510801599065 0.08814035009228505 0.04139001666989943
0 0.34367444710225115 0.20354074862287413 0.07201470234403846 0.0323020590935541
0 0.33698435610926475 0.23517338589577771 0.0632404796419344 0.04091178454774695
0 0.31923565160575795 0.22107893498739214 0.06782785009228505 0.03973192182065048
0 0.31531890962532244 0.19730659513911303 0.06919009099298642 0.036734467578285024
0 0.2983118823274265 0.20802082559427565 0.046814443244739844 0.02713632697140156
0 0.27542509485049776 0.2013402619587937 0.05961483189368781 0.032844193032477785
0 0.29049008791066744 0.24518598574599654 0.06596496144333716 0.034916876063015946
0 0.2809544016057579 0.2242038060494383 0.05971496144333717 0.034406693032477786
0 0.26379717998338803 0.2372617865046009 0.06606509099298644 0.03647937606301595
0 0.26590109808970025 0.2650679221105146 0.07906573874123302 0.04531224212409217
0 0.25791861736803173 0.28048562801987 0.07806444324473975 0.02968724212409226
0 0.24407616286452488 0.26607231271739806 0.06430233189368781 0.033226830305381407
0 0.24059021746031678 0.24770494999030168 0.08169009099298644 0.03775483363936125
0 0.21502901295680998 0.23424822787008875 0.06752746144333707 0.035044421820650484
0 0.19815239358619346 0.2550549354464341 0.05911418414544114 0.025031693032477785
0 0.1935347447582127 0.242220095598155 0.05170220234403846 0.03064396424430509
0 0.24832357187153847 0.2968121296868599 0.0739777205426357 0.03867960485118864
0 0.2497661559246946 0.31068331105040814 0.03880168414544114 0.02337359818322877
0 0.7362543684477659 0.2624228304260677 0.11736677513842757 0.060873340307321125
0 0.7481164134828336 0.4168871898191842 0.11287953423772627 0.06361570303441755
0 0.7431006415836088 0.5315396211827323 0.12507914558877822 0.05994856909549373
0 0.7641071491417478 0.6767087289088589 0.11816781153562221 0.07337334030732112
0 0.5913831570044288 0.30378076724962766 0.10506703423772627 0.06297797424624481
0 0.5830619124030996 0.40937706300726207 0.10662953423772628 0.0631055200038794
0 0.5928200393318553 0.536035286794465 0.08677810919158375 0.044387470912264956
0 0.5638859060815781 0.6479771774013485 0.10456638648947951 0.05516547424624481
0 0.6326871684200792 0.7022025496713427 0.10829216378737563 0.06479556576151388
0 0.6342403740033202 0.7386024352772562 0.09060401603912886 0.05558006242753386
0 0.7273395319305995 0.7411059398191842 0.10733044108527139 0.07404302000387944
0 0.4724772609542252 0.5342013330111415 0.09030362739018098 0.05089256242753386
0 0.4533150532115159 0.45727204225447676 0.09977875693983033 0.053220336973341276
0 0.46961877853451367 0.3362580405874868 0.09725453423772627 0.06234024545807211
0 0.4677816641011425 0.6317300372535068 0.09529151603912886 0.05596269970043757
0 0.4612126866186765 0.7099825830111415 0.08844073874123311 0.04607751666989941
0 0.3988859739387217 0.36068382680222366 0.09302810919158366 0.044897653942803026
0 0.38952266348283376 0.44615894119631 0.0868782387412331 0.04594997091226496
0 0.38956463140457587 0.5425237581657718 0.0790657387412331 0.04531224212409217
0 0.3767153755444797 0.6096315098327618 0.08501535009228504 0.04113492515463033
0 0.3748129141011426 0.6393190098327618 0.08814035009228505 0.04139001666989941
0 0.3680133991417478 0.7090415784692136 0.08697836829088237 0.04751247091226496
0 0.3319338016703564 0.6171728139253461 0.08677810919158375 0.044387470912264956
0 0.3197527791528224 0.5404508172593259 0.07241522054263569 0.03855205909355419
0 0.32927677591362 0.4767231571076051 0.07357720234403846 0.03242960485118864
0 0.32739170574012444 0.372737158774595 0.08325259099298643 0.03788237939699588
0 0.2732153454688066 0.3934799645341692 0.08012759099298643 0.0376272878817268
0 0.2790963032115159 0.47149339423072745 0.0771027205426357 0.03893469636645754
0 0.2641838996031731 0.546541191655352 0.07760336829088237 0.04674719636645772
0 0.25744374383536206 0.5789550789282556 0.0851154796419344 0.04269742515463051
0 0.2862906346437783 0.6139041637755648 0.0661652205426357 0.03804187606301603
0 0.25763470851790166 0.6123575102918037 0.06440246144333708 0.03478933030538141
0 0.2019015499723134 0.4148445236277233 0.07251535009228505 0.04011455909355401
0 0.19795572717792426 0.44003584226417514 0.06586483189368782 0.033354376063016035
0 0.2153842566352885 0.47125402029374347 0.06596496144333708 0.034916876063016036
0 0.21018681447028284 0.5159765889301953 0.07181444324473985 0.029177059093554013
0 0.19972088140457583 0.5580205677183679 0.07231509099298643 0.03698955909355419
0 0.1830235371723869 0.5275198668099823 0.057651813695090495 0.026466647274843248
0 0.193820137264672 0.49244336514299236 0.054626943244739844 0.027774055759574166
0 0.9559418005906222 0.5452520795079836 0.011016645588778217 0.05063772878817261
0 0.6357723095330374 0.20534339618758146 0.11640505243632351 0.07012079454968652
0 0.2619214042266516 0.09674835680804265 0.07594073874123301 0.045057150608823135
0 0.259846566934293 0.02180362620794799 0.08385336829088237 0.04360725241589598
0 0.24503309531192308 0.032845224536108886 0.07740310919158375 0.0436221963664577
0 0.2154166440476188 0.08266975241589598 0.07906573874123302 0.04531224212409222
0 0.2042986713455147 0.074251345598155 0.07357720234403846 0.03242960485118862
0 0.21273293260428167 0.11242102529471325 0.07251535009228505 0.0401145590935541
0 0.20748422810077488 0.09730620832525139 0.07085272054263578 0.03842451333591956
0 0.18779348935954188 0.13777171165923127 0.07720285009228504 0.040497196366457724
0 0.08432613278885182 0.05451241469364876 0.05316457279438915 0.029209010001939668
0 0.0044476681063122196 0.06980231696946186 0.008895336212624439 0.02914536606107627
0 0.0024555690937613198 0.17670602121182732 0.0049111381875226396 0.02158795757634535
0 0.0005426156699886958 0.18698981696946188 0.0010852313399773916 0.019770366061076274
0 0.01393448720007354 0.23890313227193377 0.02786897440014708 0.03781873545613248
0 0.005521209902177613 0.24891586106010646 0.011042419804355226 0.017793277879787083
0 0.013183515577703631 0.25687188227193375 0.026367031155407263 0.02688123545613248
0 0.03308859808970025 0.2840722399980603 0.040063795496493214 0.0188136439408634
0 0.025744072332963813 0.3028062645438675 0.051488144665927625 0.029591647274843248
0 0.020981475170726824 0.30428901621085747 0.04196295034145365 0.026339101517208707
0 0.11363769124215502 0.2883773606010645 0.06077681369509049 0.026721738790112325
0 0.12696900601697966 0.2865119716611709 0.07075259099298643 0.03686201333591956
0 0.2257569594407523 0.2730078389301952 0.07075259099298643 0.03686201333591956
0 0.20943105259320705 0.2852207965065406 0.06253957279438911 0.029974284547746866
0 0.17146997763934957 0.27122194044740394 0.06067668414544114 0.025159238790112327
0 0.22674896052048643 0.2939102702937434 0.06420220234403846 0.031664330305381405
0 0.20207962754706452 0.3029184795370787 0.04651405459579185 0.022448826971401558
0 0.18251809916943443 0.2928578243863277 0.055989184145441184 0.024776601517208795
0 0.19293516502399324 0.31221373120406865 0.0546269432447398 0.027774055759574166
0 0.19594024907714935 0.32595736680998233 0.07387759099298644 0.037117104851188645
0 0.21681395358065614 0.33979672620309886 0.042126943244739846 0.02675368969849785
0 0.20756936150793556 0.35065447787008874 0.040764702344038464 0.029751143940863402
0 0.20921220466039028 0.36140065923363696 0.06586483189368779 0.033354376063015945
0 0.17702956277223986 0.3057404616592313 0.04641392504614252 0.02088632697140156
0 0.17099031385197402 0.3272168489321349 0.049939443244739846 0.02739141848667064
0 0.15221003547434392 0.31709242090256656 0.057751943244739846 0.028029147274843246
0 0.17673037168696837 0.37104659726514494 0.030688795496493216 0.018048369395056163
0 0.16225686150793556 0.3543533048414903 0.06430233189368781 0.033226830305381407
0 0.1649708513289027 0.3362570090838558 0.07075259099298643 0.03686201333591956
0 0.1476436489848643 0.3640949666602011 0.06263970234403846 0.03153678454774696
0 0.14871479565337672 0.33525248953901843 0.0530644432447398 0.02764651000193972
0 0.1291928400701358 0.30031938014590187 0.05911418414544115 0.025031693032477785
0 0.13053529457364257 0.3157530615094501 0.049739184145441186 0.02426641848667064
0 0.12787136952750006 0.33306810726708463 0.05422642504614252 0.021524055759574168
0 0.12045009330933827 0.3639832674188055 0.0499394432447398 0.02739141848667064
0 0.12829287168696837 0.37500051575181553 0.06233931369509049 0.026849284547746866
0 0.13701702961424778 0.38439149120600835 0.0577519432447398 0.028029147274843246
0 0.11331991132336543 0.4267383589340746 0.05961483189368777 0.032844193032477875
0 0.1574821190660747 0.5016269175685867 0.056089313695090494 0.02633910151720862
0 0.1265720805094118 0.47461787847891196 0.03537629549649322 0.018431006667959694
0 0.09201660780730773 0.468112658025689 0.0593144432447398 0.028156693032477875
0 0.08718940546326928 0.4949302495409581 0.0593144432447398 0.028156693032477875
0 0.0645739258213349 0.532525844390207 0.057551684145441186 0.024904147274843424
0 0.09419157464931566 0.5433199521163335 0.06253957279438913 0.029974284547746956
0 0.16900180753045255 0.5644139599922413 0.0685893136950905 0.027359467578284936
0 0.19301100401439486 0.6020894321124542 0.07544009099298643 0.03724465060882309
0 0.1490199745570306 0.573039531962673 0.0654643136950905 0.027104376063016033
0 0.23314584824658374 0.6306769466563218 0.06273983189368781 0.03309928454774678
0 0.3089480822074548 0.6726733858957777 0.05150194324473976 0.027518964244305267
0 0.27533454581026023 0.687851846806103 0.07357720234403846 0.03242960485118864
0 0.24075928671096164 0.6937828534740628 0.0641020727943891 0.030101830305381404
0 0.20289834130675347 0.6782214974149261 0.06253957279438911 0.029974284547746956
0 0.19495543337947405 0.668766749081916 0.06380168414544118 0.025414330305381407
0 0.1581668322074548 0.6849815515075104 0.06400194324473985 0.028539330305381406
0 0.20717602869139712 0.7206162915055707 0.05432655459579187 0.02308655575957417
0 0.13725355490955887 0.6960146463567594 0.05296431369509049 0.026084010001939717
0 0.015499981109264729 0.5354752433320402 0.030999962218529457 0.025286784547746955
0 0.0018642292589508204 0.642171653483761 0.003728458517901641 0.01817591515269079
0 0.04766012878368219 0.6994422774207452 0.05805233189368778 0.03271664727484325
0 0.12905102869139712 0.7269935793872975 0.03537629549649322 0.018431006667959694
0 0.10705611274455325 0.7427779471153638 0.06273983189368777 0.03309928454774678
0 0.11928600247323537 0.7581000581754702 0.06077681369509049 0.026721738790112325
0 0.2068057888704299 0.7385212686267535 0.07367733189368779 0.03399210485118864
0 0.2060257364341064 0.7992036771114843 0.054626943244739844 0.027774055759574166
0 0.22556628085086547 0.7610819237775045 0.057551684145441206 0.024904147274843247
0 0.25867916949981345 0.7537159628671792 0.07876535009228505 0.04062474212409217
0 0.34237304904946275 0.7453297648337316 0.0773029796419344 0.04205969636645772
0 0.3574275501291969 0.765084284378569 0.07906573874123302 0.04531224212409217
0 0.39778243985787903 0.7781105718012539 0.0507404796419344 0.03989141848667046
0 0.4310758012089311 0.7800558380121113 0.05023983189368782 0.03207891848667064
0 0.3755686759782184 0.8700748022564164 0.08082849784053173 0.0485647878817268
0 0.307469518050939 0.865530565592336 0.08002746144333717 0.036064787881726804
0 0.44729228409006794 0.8059328117993141 0.09665375693983033 0.05296524545807202
0 0.7302666679586539 0.8652131195157423 0.10672966378737563 0.06466802000387943
0 0.6792350940845306 0.8732646066388648 0.07557979333702498 0.06367960485118865
0 0.6567883976005884 0.8354615887610173 0.10849242288667416 0.06792056576151388
0 0.5936666363418214 0.8017560105816678 0.09841651603912886 0.05621779121570673
0 0.5593824714747117 0.8395269486131758 0.0661652205426357 0.03804187606301603
0 0.5585406647194514 0.8162807672496276 0.08365310919158375 0.0441323793969957
0 0.14400659778515845 0.8089292345380485 0.07544009099298643 0.03724465060882309
0 0.13768674661313923 0.8226568946897694 0.07357720234403846 0.03242960485118864
0 0.7588527429125114 0.8799772501206862 0.10290375693983034 0.05347542848861018
0 0.7002892712901415 0.8964151931531641 0.0819904796419344 0.04244233363936125