0 0.1522177030575907 0.5901969685684686 0.2366310128202816 0.0593536910658786
0 0.5297155026860871 0.46044327191650947 0.16795378742738745 0.05771410835322079
0 0.616369978493266 0.31246599834286093 0.1463698858558109 0.06294526385373889
0 0.6911776191020786 0.9896811999572186 0.09996576674922295 0.020637600085562723
0 0.6998227189782441 0.9493517222880129 0.11104881596343467 0.04103172249741007
0 0.5861025514860141 0.6166419220403441 0.14110018899896398 0.0502269400324213
0 0.6235297768789082 0.6168260126108847 0.1252568651776464 0.04481169396136266
0 0.6852142936281312 0.6524403349844601 0.12540241439185812 0.047936693961362666
0 0.6917874712545558 0.5927207326270952 0.14702485731976367 0.07700776385373889
0 0.6501393186495219 0.5019116420565547 0.13492296360606987 0.05149834160399784
0 0.644903855043452 0.456453592842343 0.13590326674922296 0.03907111621110389
0 0.6806594185256873 0.4542211588057777 0.11104881596343467 0.04103172249741007
0 0.6601970612059238 0.38310813812761324 0.13463186517764641 0.04524834160399784
0 0.6845228190638066 0.35305891914485993 0.1158818651776464 0.044375046318727664
0 0.7093943864749834 0.3347284501621065 0.09803939371369381 0.029512025640563166
0 0.7896768918516669 0.2675281416422699 0.0902996683207995 0.03071065260503385
0 0.8425107934232434 0.26375247828386905 0.07601884449948208 0.02536818114108117
0 0.8876927067816442 0.21284710380059774 0.058904119106588125 0.02613016046291674
0 0.9165112196019258 0.2625217721213973 0.044696069892376046 0.022350188998963995
0 0.7512973660017067 0.7155439565722473 0.10294521753501122 0.034417849461880756
0 0.8561796110393078 0.6409142917661045 0.07267552067816467 0.020535131926869354
0 0.7890863103773542 0.6900195717498938 0.04825771753501122 0.03187073821317572
0 0.7922476976809072 0.6909463709641055 0.05385274607105863 0.018099336641599174
0 0.7619374212117745 0.8937781184829061 0.08277826674922313 0.03659677956950454
0 0.7590649782838691 0.8655803438758003 0.08434076674922295 0.03666955417661057
0 0.7901715831224333 0.8974318114108115 0.06984161910658777 0.02663958271265763
0 0.7610769344463408 0.7916163050006707 0.09669521753501123 0.034126751033457484
0 0.7791912336605525 0.7955782129823881 0.10443494292790553 0.03292812406898662
0 0.8699446662493757 0.819294002890975 0.06649829528527036 0.021806533498445902
0 0.8862053670351641 0.8169331362655864 0.06642552067816432 0.0202440334984459
0 0.8912781648016338 0.8756360481762453 0.060321069892376046 0.023077935070022447
0 0.9307494255550008 0.735595399085868 0.04760274607105828 0.01780823821317572
0 0.9351993310555187 0.7139751102107386 0.04774829528527036 0.02093323821317572
0 0.9317104580199894 0.7060170609965268 0.04760274607105863 0.01780823821317572
0 0.9302742365560366 0.6919181736929738 0.0521446968568469 0.01490156203449331
0 0.9383949516098486 0.6821621840320561 0.053779971463952594 0.016536836641599172
0 0.8437138442900849 0.6075923695163634 0.019186647642634825 0.010248295285270359
0 0.8513272911469318 0.6204198552483398 0.04582192224974122 0.013047963606069857
0 0.856723266539826 0.6191120663732103 0.04120719685684691 0.014392139784752267
0 0.8502185554149555 0.6133522179447869 0.031613873035529136 0.009267992142117265
0 0.9200173250596627 0.5386476244787621 0.05087329528527036 0.021078787427387446
0 0.9332407630251695 0.48781287054982075 0.03786387303552914 0.009559090570540718
0 0.9386025051672865 0.5192448070675854 0.03800942224974087 0.012684090570540717
0 0.9329175853987449 0.547823571335609 0.025582196856846907 0.013664393713693813
0 0.9122069791124385 0.5718047268361269 0.03949914764263518 0.011194365177646404
0 0.7061451461948931 0.09759232319763582 0.11112159057054054 0.04259422249741003
0 0.7684246683207997 0.06229483208897598 0.08434076674922295 0.03666955417661044
0 0.817861742142117 0.06927473221281048 0.06039384449948208 0.02464043507002258
0 0.884235912944116 0.13862835380059774 0.030488020678164675 0.018570217535011313