0 0.5367304053939403 0.013283333523388497 0.022348596680652123 0.006377265027114648
0 0.6267014421119044 0.17716000204310345 0.01934199585081515 0.007921584308955421
0 0.419921997701693 0.6574191529034252 0.009848596680652123 0.0063045421544778435
0 0.36944747840566106 0.7149634873105765 0.013091995850815153 0.007885222872636887
0 0.5892127588998477 0.86787136045436 0.046378092531467276 0.014326120413308985
0 0.5782160593147662 0.8685889779408026 0.04457879419114121 0.011192030054229463
0 0.5500560931329452 0.83794296593875 0.041572193361304244 0.012736349336070063
0 0.5543175406434343 0.8332781918364489 0.037003092531467274 0.01427157825883114
0 0.5477598873240863 0.8269872852205907 0.03196039502097818 0.00955680718159222
0 0.5356150848345754 0.8222270623479538 0.025828794191141213 0.011082945745273775
0 0.5517728811003091 0.8152867159387499 0.03977289502097818 0.009602258976990541
0 0.573529481930146 0.8169764809658645 0.033759693361304244 0.012690897540672097
0 0.5827152277809612 0.8092139779408025 0.02715449585081515 0.007967036104353297
0 0.5714700744616132 0.8028958002477055 0.03520379419114121 0.011137487899751618
0 0.5787973223870209 0.7990304568635637 0.04012809253146728 0.01428975897699054
0 0.5788448665781619 0.7880884116840239 0.04012809253146728 0.01428975897699054
0 0.5791408645035695 0.7841821616840239 0.03508539502097818 0.009574987899751619
0 0.5718728161632434 0.7872662550681655 0.04000969336130424 0.01272725897699054
0 0.5644863686527544 0.7919128484523072 0.03328609668065212 0.00644089754067192
0 0.5533712698975098 0.7941929659387499 0.03688469336130425 0.012709078258831141
0 0.5629947236317763 0.8012833032727673 0.0386839917016303 0.01584316861791075
0 0.5565079252914502 0.8043719418364489 0.03352289502097818 0.009565897540672007
0 0.5243466207273468 0.795587294295777 0.03508539502097818 0.009574987899751619
0 0.5247726732168578 0.8002793394753167 0.041453794191141216 0.011173849336070064
0 0.5870009086947107 0.773285568299882 0.033759693361304244 0.012690897540672097
0 0.5788807553753628 0.7669855713249442 0.03844719336130424 0.012718168617910664
0 0.5910731020560149 0.7608037490180413 0.022703794191141213 0.011064765027114731
0 0.5835565999814225 0.7568520472226432 0.027509693361304245 0.012654536104353475
0 0.5883983879487863 0.7342139779408025 0.021378092531467274 0.01418067466803503
0 0.5858178396084602 0.7373253424021831 0.03423329004195637 0.018940897540672096
0 0.4890925144989252 0.9720225292686624 0.019460395020978183 0.009484084308955688
0 0.8542154099441106 0.5888207064707802 0.08001938672260848 0.025454517953980904