0 0.9781473365678217 0.2388406295207583 0.043705326864356665 0.0858753155185485
0 0.9329737681409853 0.40297733735917485 0.07663691106992587 0.04905727711788863
0 0.9616542957309815 0.44512773343996664 0.0766914085380371 0.06004024122451135
0 0.8306944724100038 0.18385291580984706 0.10752481252120454 0.08429609514371963
0 0.7893378408289908 0.2984526249019048 0.10083830290255769 0.07161423871722886
0 0.8026587855641804 0.3887821082088574 0.12287699400955025 0.07693823620994636
0 0.7458681269413255 0.5093052083671419 0.08584821996293304 0.04464256175762475
0 0.708705432839108 0.5424503289793977 0.09705853847458741 0.052773310503983595
0 0.6947743968115915 0.6585981662055584 0.08612103847458741 0.05245506175762475
0 0.6678969274816305 0.7399307342313894 0.07551092068857254 0.06151181301126609
0 0.5453299906358072 0.9476105050810719 0.06876984736759476 0.0472674565847754
0 0.6184500321056194 0.9587776741231174 0.08606647477225664 0.05089256175762458
0 0.5627157987262065 0.1689710280423255 0.10714286660488845 0.07335859514371963
0 0.5257738486335392 0.27562184481451524 0.09905754809323426 0.06531877461060623
0 0.49894101932211166 0.33583793078703483 0.10196429328391084 0.059159702823851565
0 0.4830109736759482 0.4395312321198183 0.10018353847458741 0.05286423871722903
0 0.551031831295162 0.6182041499082225 0.10196429328391084 0.059159702823851565
0 0.5224827345605394 0.6964571820406761 0.08633929328391084 0.05870506175762476
0 0.4287178324762884 0.5419946540648576 0.09064484736759475 0.047903954077492726
0 0.42902785652290554 0.5732673861181689 0.08562996515360961 0.03839256175762475
0 0.344506523583281 0.5491372158224823 0.09204365626060226 0.04326191818411544
0 0.2999132753973795 0.5934471569678514 0.09889385698624169 0.060631274610606314
0 0.3051265650530932 0.5635778005413608 0.09662202885594055 0.0402733105039836
0 0.28276792621568614 0.5055750839274555 0.07981647477225655 0.050710705331134066
0 0.2992436088851582 0.417506782594672 0.09075397477225655 0.0510289540774929
0 0.30688000489414147 0.32265728384831327 0.0908085384745874 0.052591454077492814
0 0.32357394237293696 0.24083898251552976 0.10530754809323425 0.06550063103709691
0 0.34538196578658187 0.14870530680956687 0.10223711179556502 0.06697220282385156
0 0.16309535479362497 0.8633230509370721 0.10719743030721936 0.07492109514371954
0 0.16710329771471608 0.9109111047771382 0.05616071996293313 0.04377874373179367
0 0.1540328018062493 0.469436658617204 0.08735615626060227 0.04312552586424747
0 0.24399062449425485 0.3581150622198432 0.0860119110699257 0.049330061757624756
0 0.22282495262455596 0.37906405971256074 0.07620040145127885 0.03655727711788863
0 0.24500499827071948 0.2751889019532865 0.07630952885594056 0.03968227711788872
0 0.22389389010335145 0.297700399446004 0.07959821996293312 0.04446070533113407
0 0.02886167621568614 0.5129630012536412 0.02291171034428626 0.030323997492717504
0 0.05512158665263963 0.4363406652811216 0.07625496515360967 0.03811977711788863
0 0.05106900371301508 0.40986909349436706 0.060411710344286274 0.031415136051661866
0 0.09012652531256148 0.27422109850893195 0.1034176658792491 0.05608016693047428
0 0.1392907116102306 0.27122647915031745 0.09366071996293311 0.04486988229073816
0 0.06305310462398897 0.21557352421489479 0.03228671034428627 0.030596782132453627
0 0.17025796941477894 0.2398257149645525 0.08741071996293308 0.04468802586424747
0 0.15998266832631983 0.21431724960428858 0.08924603847458741 0.05254598997087016
0 0.27213543874473983 0.15631086982083287 0.07345734736759475 0.04740384890464333
0 0.2751686695074461 0.13119720955427616 0.07178571996293304 0.04423338479802066
0 0.2239409862050019 0.09749581096620197 0.09867560217691826 0.054381274610606226
0 0.22568453547936249 0.08024011480626794 0.1005654843909034 0.0638017387172289
0 0.1797172710513922 0.0628085738983257 0.09091766587924913 0.055716454077492816
0 0.17876240626060225 0.03546482389832569 0.09097222958157994 0.05727895407749282
0 0.27972470553496287 0.02009588816323294 0.10007441106992569 0.04019177632646588
0 0.24254216406515056 0.007246547176148407 0.08508432813030113 0.014493094352296815
0 0.20970238221398513 0.0069881344023092415 0.09127976442797028 0.013976268804618483
0 0.16625248257680486 0.01630931010827214 0.1043799651536097 0.03261862021654428