0 0.7769322399388356 0.8739510820914909 0.08361143939369349 0.10878185775648745
0 0.6120375802824687 0.8389630076903745 0.04258364767057934 0.06923467887824372
0 0.5781229257144844 0.8765791943705343 0.0520405348257091 0.07128850180902227
0 0.8004936499338868 0.6919640976953232 0.07374511646291496 0.0989155348257091
0 0.6872090779076195 0.683098110019795 0.057710680687265994 0.09028416327441172
0 0.6051435283825894 0.7177840485089774 0.06354460085908258 0.1124048247398008
0 0.4840021907524898 0.6953059401866628 0.04323874491161739 0.08173467887824373
0 0.4471539659672604 0.6699684254873418 0.04529256784239592 0.09119156603337349
0 0.3372876430364819 0.6850755263464243 0.041512470601357876 0.07852779172311415
0 0.25726927238969555 0.6806989648356067 0.05343926051544958 0.06824538896415203
0 0.046192331525664126 0.6200834486659476 0.03904921189493057 0.06125840456798422
0 0.03467493526762235 0.6939713280191612 0.0693498705352447 0.08008364767057934
0 0.9544994764827098 0.5779348179579967 0.02942190637700648 0.0856851944820761
0 0.7736699575995174 0.4456147201511319 0.05639384215265526 0.09488977611928177
0 0.6680750548405554 0.43868304669995506 0.05935506784239593 0.09192855042954129
0 0.6086557892367231 0.4277732021724505 0.0531869549975255 0.09316350180902226
0 0.5091094906162041 0.4392230365231898 0.048581342152655436 0.09448034034363299
0 0.3532102934205947 0.5447813969932108 0.046855067842395834 0.09127345318850325
0 0.27565850350650295 0.5379382547496985 0.042911196291098366 0.07548467887824373
0 0.4051965965636695 0.41506291949444807 0.04496501922187686 0.08494156603337362
0 0.37670310436558563 0.42356813828678347 0.032301244911617386 0.08116146879233557
0 0.3857715671650273 0.3397287268213943 0.04669129353213641 0.08814845318850324
0 0.3382315038451872 0.3102769222079814 0.05310506784239592 0.09160100180902227
0 0.3663974474227521 0.30802170341564594 0.03731629353213641 0.08765713025772479
0 0.417294884102912 0.2734110080290587 0.03649742198083885 0.07203213025772479
0 0.5025330212580418 0.2673856580744872 0.04332063206674715 0.08329717887824373
0 0.5914284249215149 0.25104028380965626 0.0434025192218769 0.08485967887824382
0 0.6695943684990798 0.2461646760531687 0.05976450361804453 0.09974105042954129
0 0.7600965377663851 0.24375897105564306 0.05162445499752551 0.09308161465389253
0 0.06547675655872069 0.25211469866594755 0.06108134215265535 0.09513543758467105
0 0.0218119657401178 0.2676478454320157 0.04357293758467107 0.058379066033373485
0 0.11539594866594753 0.07264188263257398 0.05146068068726608 0.08995661465389256
0 0.14376328810506944 0.05167760741780333 0.04924308344622812 0.07737472749876281
0 0.4309180500908571 0.14726126583097485 0.032301244911617386 0.08116146879233552
0 0.5488182010407967 0.20185251130841908 0.033699970601357876 0.07811835594746527
0 0.5253773790145294 0.18827801221293022 0.03024742198083885 0.0717045816372058
0 0.6261586290145293 0.18299629070706125 0.03164614767057934 0.06866146879233552
0 0.601936556988262 0.16946273518913726 0.039704309135968605 0.0737584045679843
0 0.3705271839666264 0.02777423931520829 0.03633364767057934 0.05554847863041658
0 0.4458613766396802 0.043325657225746925 0.03599945499752568 0.08665131445149385
0 0.4710218289236723 0.03411775356227379 0.03764384215265544 0.06823550712454758
0 0.6023603601313369 0.045233976990736405 0.048663229307785015 0.09046795398147281
0 0.6133078262101389 0.08628174299105337 0.040441293532136414 0.0878209045679843
0 0.6533363619403592 0.009076270353530619 0.03707727611928178 0.018152540707061238
0 0.6473176560383223 0.10631428200063398 0.041758132066746965 0.08321529172311405
0 0.6691483904344901 0.09114630540638231 0.040031857756487634 0.0800084045679843
0 0.7417017418593996 0.1784991412274596 0.03616987336031983 0.0657821302577248
0 0.7645217661696592 0.1741867774780782 0.03296298620519007 0.06405585594746532
0 0.7883996794440706 0.11995630088382656 0.04364818068726599 0.0895471788782438
0 0.8048468730216356 0.11831523575496417 0.04521068068726626 0.08962906603337356
0 0.8143347376755281 0.07107174355688027 0.04480124491161739 0.08181656603337355
0 0.8388400927184823 0.0643337426523691 0.05113313206674732 0.08370661465389255
0 0.8803072184536512 0.15019932157604143 0.058038229307785016 0.09653416327441158
0 0.8932918973318952 0.11056361149013316 0.0414305834462283 0.07696529172311405
0 0.8965330840120551 0.07845047433500343 0.06692190637700648 0.08765048620519007
0 0.8711136821576041 0.04530481880470749 0.05639384215265508 0.09060963760941498
0 0.9416065665992004 0.11036885968111085 0.057219357756487454 0.08090916327441154
0 0.9183671404344901 0.07808530416318689 0.05507700361804453 0.09949538896415207
0 0.9234541101313368 0.03418805574506659 0.055902519221876903 0.06837611149013317
0 0.8858622568974048 0.008731032339318236 0.05952548620519025 0.017462064678636473
0 0.9426201899595202 0.04642919041380549 0.05442190637700648 0.08699538896415206
0 0.9484917316826342 0.02327434956011638 0.04603619629109836 0.04654869912023276
0 0.9585417610812765 0.08454998812981335 0.028357373360319828 0.06537269448207603
0 0.9586612697877037 0.06740343170737823 0.027286196291098363 0.07466580732694628