0 0.6647695861597616 0.13236367790857584 0.13945200361804452 0.1000026128415279
0 0.5091912935321364 0.07419076804868013 0.132710680687266 0.09048214247680567
0 0.3283761420163698 0.34043728315065946 0.12383364767057933 0.06998780452090285
0 0.3924153878324983 0.44297974848138855 0.08863977611928178 0.05356271751493065
0 0.7166142056748941 0.5246050760849646 0.09406426051544958 0.06773432028847229
0 0.7798954556748942 0.5231321886421522 0.09982293758467105 0.05850479065319458
0 0.8207594730877487 0.5565979988626383 0.10319359905006031 0.06326502583555574
0 0.9338979601974499 0.6407892012755896 0.08222600180902226 0.050292247150208344
0 0.8728276633859533 0.6844495887184021 0.09390048620519025 0.06460932028847229
0 0.9334309707128995 0.706505120253541 0.08403416327441135 0.05501611474138901
0 0.9548456252808837 0.7419880253637839 0.07309666327441136 0.054761541603125075
0 0.9240426826078301 0.7661710609829854 0.0795923247398008 0.059594511967847194
0 0.9392073371758144 0.8017994364579506 0.07983798620519025 0.06428201196784719
0 0.8531027408392875 0.8155365877684716 0.08986808344622794 0.07700021751493047
0 0.20169072704447757 0.8932746084731249 0.14833568068726607 0.09084581838861112
0 0.2606529692425615 0.8989420738038539 0.13649077792830414 0.10305487765916688
0 0.1084619482116623 0.7710742597836457 0.14060506784239585 0.09222648043270851
0 0.20112416101110403 0.8526132408819442 0.12177318068726609 0.09022756933854197
0 0.9223274536387294 0.8976210827344783 0.07326043758467123 0.0578865416031249