0 0.23984375 0.9296875 0.06015625 0.09296875
0 0.3953125 0.8765625 0.03046875 0.0609375
0 0.428125 0.90859375 0.04140625 0.0609375
0 0.21484375 0.759375 0.05234375 0.08125
0 0.32109375 0.73671875 0.040625 0.078125
0 0.4 0.76015625 0.03984375 0.0984375
0 0.51328125 0.725 0.025 0.071875
0 0.54765625 0.69609375 0.02890625 0.08125
0 0.65234375 0.6984375 0.02421875 0.0703125
0 0.72734375 0.68515625 0.03828125 0.05546875
0 0.9265625 0.603125 0.028125 0.05390625
0 0.9390625 0.67109375 0.053125 0.06484375
0 0.03984375 0.6703125 0.06875 0.078125
0 0.23671875 0.52109375 0.04140625 0.08359375
0 0.33515625 0.5015625 0.03984375 0.078125
0 0.39140625 0.48515625 0.03125 0.08125
0 0.48515625 0.484375 0.02890625 0.08359375
0 0.63515625 0.56640625 0.034375 0.08125
0 0.7078125 0.55078125 0.034375 0.06875
0 0.58359375 0.44921875 0.025 0.07578125
0 0.6109375 0.45390625 0.01796875 0.07421875
0 0.60078125 0.375 0.02421875 0.0796875
0 0.6453125 0.34140625 0.03046875 0.0796875
0 0.61796875 0.34296875 0.01796875 0.08125
0 0.56953125 0.315625 0.025 0.06484375
0 0.48984375 0.31953125 0.02734375 0.07578125
0 0.40546875 0.31484375 0.02265625 0.07421875
0 0.33046875 0.31875 0.03828125 0.08515625
0 0.24609375 0.3265625 0.03984375 0.08359375
0 0.9015625 0.2546875 0.04453125 0.08359375
0 0.94375 0.2640625 0.03125 0.04609375
0 0.8515625 0.0890625 0.03203125 0.078125
0 0.82578125 0.06796875 0.03046875 0.0796875
0 0.5546875 0.196875 0.015625 0.071875
0 0.44453125 0.26328125 0.02421875 0.0703125
0 0.46640625 0.246875 0.01953125 0.06484375
0 0.37109375 0.25390625 0.02109375 0.06328125
0 0.39375 0.23828125 0.025 0.06484375
0 0.6109375 0.05546875 0.021875 0.09296875
0 0.5390625 0.096875 0.01796875 0.08359375
0 0.515625 0.078125 0.01640625 0.09296875
0 0.390625 0.11796875 0.025 0.08359375
0 0.38125 0.16015625 0.02265625 0.0796875
0 0.3421875 0.05546875 0.021875 0.08515625
0 0.34921875 0.18359375 0.02421875 0.07421875
0 0.32890625 0.17109375 0.02578125 0.071875
0 0.26171875 0.26328125 0.02578125 0.059375
0 0.23984375 0.26171875 0.02109375 0.05703125
0 0.21640625 0.21328125 0.02734375 0.08125
0 0.2015625 0.21328125 0.034375 0.08125
0 0.19140625 0.16953125 0.02734375 0.071875
0 0.16796875 0.165625 0.03359375 0.071875
0 0.13046875 0.2515625 0.03984375 0.08125
0 0.11796875 0.215625 0.02890625 0.06875
0 0.1140625 0.18515625 0.046875 0.07421875
0 0.13671875 0.14921875 0.03828125 0.08359375
0 0.071875 0.22109375 0.03984375 0.06875
0 0.02734375 0.25 0.04609375 0.078125
0 0.09296875 0.18828125 0.03671875 0.08671875
0 0.0875 0.1390625 0.03984375 0.07421875
0 0.121875 0.078125 0.03984375 0.0890625
0 0.1140625 0.0296875 0.028125 0.059375
0 0.10234375 0.0453125 0.03125 0.0796875
0 0.07109375 0.06953125 0.03125 0.071875
0 0.06953125 0.16015625 0.03828125 0.07578125
0 0.05859375 0.12578125 0.03984375 0.06328125
0 0.0703125 0.02578125 0.03046875 0.0515625
0 0.04140625 0.19921875 0.04609375 0.0609375
0 0.028125 0.20703125 0.02265625 0.03359375
0 0.04375 0.18359375 0.0375 0.06640625
0 0.01796875 0.20859375 0.0359375 0.0609375
0 0.0296875 0.140625 0.04453125 0.07421875
0 0.015625 0.134375 0.03125 0.0609375
0 0.05 0.07890625 0.03125 0.0609375
0 0.18359375 0.05859375 0.01953125 0.04296875
0 0.20078125 0.046875 0.021875 0.04609375
0 0.20859375 0.025 0.01953125 0.0390625
0 0.16953125 0.053125 0.01484375 0.04296875
0 0.175 0.02109375 0.01875 0.0390625