0 0.4683303207825791 0.9663865066392994 0.02570090684754529 0.011082945745273775
0 0.36886483959948524 0.780176816747758 0.02101340684754529 0.011055674668034855
0 0.5812242257844231 0.28891497073133765 0.011338018198597411 0.0063136325135573655
0 0.6346508119970474 0.23233317262493153 0.01446301819859741 0.006331813231716587
0 0.39592257171465495 0.04380752469147614 0.049839313695090495 0.022156801131468163
0 0.4076913864894796 0.04452059699837901 0.049639054595791876 0.01903180113146815
0 0.43890061613141407 0.08028992535540609 0.04358931369509058 0.022120439695149673
0 0.434513504780362 0.08500469643264494 0.040364184145441226 0.020539758976990452
0 0.44126415252860857 0.09278083499632647 0.03537629549649317 0.0158249878997516
0 0.4548958559523812 0.09817231694414971 0.02726340684754529 0.011092036104353498
0 0.43727755937615387 0.10374560607356531 0.043288925046142526 0.017432939695149675
0 0.4144210502768552 0.10075241628021976 0.03860142504614252 0.01740566861791083
0 0.40466531847545245 0.10706150361423727 0.028926036397194644 0.012663626463433086
0 0.41610346622369915 0.11481037110067996 0.040063795496493214 0.01585225897699045
0 0.40854129009782236 0.11876207289607806 0.04348918414544119 0.020557939695149675
0 0.4092922617201923 0.13048082289607804 0.041626295496493174 0.015861349336070064
0 0.4087613355943156 0.13439161807561786 0.04016392504614252 0.017414758976990453
0 0.41642364126984166 0.13200241628021978 0.043288925046142526 0.017432939695149675
0 0.42320456739571827 0.12805525966436151 0.03683866594684382 0.01427157825883123
0 0.4356545026208936 0.12720128679172454 0.03996366594684382 0.014289758976990452
0 0.42489747532299765 0.11788537412574207 0.040364184145441226 0.020539758976990452
0 0.4325597809985237 0.115496172330344 0.03860142504614252 0.01740566861791084
0 0.4670546969453676 0.1293632296101322 0.03840116594684382 0.01428066861791084
0 0.4658729287467704 0.12311777478967201 0.04485142504614252 0.017442030054229285
0 0.40081842766703624 0.14459786505055577 0.04006379549649317 0.01585225897699045
0 0.4084003901901075 0.15315070843469747 0.041726425046142525 0.017423849336070062
0 0.3962508436138801 0.15869218130733442 0.027463665946843907 0.01421703610435352
0 0.4043136674880034 0.16255297951193634 0.030788925046142522 0.017360216822512698
0 0.40039692550756784 0.186803545768715 0.022976425046142522 0.017314765027114643
0 0.4025404164082692 0.18366491023009557 0.0389018136950904 0.02209316861791084
0 0.11846340992986422 0.3119273073779841 0.08864099784053167 0.04268746974937905