2 0.49932693529534544 0.9298360873116958 0.12860678903121964 0.0902749314570915
2 0.6177587727275589 0.8682321874246351 0.16815107806243948 0.17536256299888783
2 0.6205150923039872 0.6703484242704556 0.2248828670936593 0.26145125241907435
2 0.6178713604543598 0.6189224321629634 0.20081813231716553 0.15227367349399668
2 0.669210625776062 0.44321750589695635 0.3280896803253757 0.28152009968941644
2 0.44356118598271654 0.47902401620853857 0.2012544695529872 0.2272736734939967
2 0.8940323220123153 0.4308029929545382 0.21193535597536944 0.24684272084904327
2 0.8593669514026147 0.6305068613421548 0.28126609719477075 0.30875045762427644
2 0.7621400318027451 0.8340329507199892 0.18383062021691715 0.1856476156156063
2 0.27729479478675634 0.24409382131491864 0.2136635659621911 0.21237671558737148
2 0.4502823220123153 0.15664848726934338 0.1871828791939077 0.22489212613895004
2 0.6273669967785462 0.11813790155541434 0.24679422852997773 0.23627580311082869
2 0.8004408824153615 0.055896600324700986 0.2352567648307229 0.11179320064940197
2 0.5845613523611322 0.01797093707169932 0.2034977047222643 0.03594187414339864
2 0.24422724385167993 0.06783442917919155 0.1427420119038567 0.10359397881213825
2 0.638550457354543 0.27775910586872155 0.2824681081166688 0.2257559471009328