2 0.6170082248615725 0.03936894093215533 0.12672079117755644 0.07873788186431066
2 0.4809112361203393 0.07079273068544704 0.14444851172019213 0.13835152866891204
2 0.4147391162882975 0.2643954920541535 0.20025602559985298 0.2310138725471326
2 0.3998162206995192 0.31487299452561146 0.19793445712440044 0.12182987353571573
2 0.2945408305094118 0.4742254312934694 0.31235550740125567 0.22934789627312885
2 0.5164065360926526 0.5018079673395742 0.17255252775932134 0.18780770060802238
2 0.08809912399870759 0.41786397923975327 0.17619824799741518 0.20645954152049337
2 0.15148860040143947 0.22797646688246367 0.30297720080287893 0.23285489825029515
2 0.3326937816168326 0.06968380581776831 0.16273743676633484 0.13936761163553663
2 0.5953583467054242 0.7775481135755219 0.18345045496493206 0.1633170365775774
2 0.4051245704872626 0.8156887366169461 0.17521645280546383 0.20505886760421674
2 0.22094982958656115 0.8200764421678842 0.21371774830195706 0.22221187551288218
2 0.059092288713546416 0.8879682322055029 0.11818457742709283 0.21156353558899427
2 0.21858868831671954 0.9541967741831068 0.1947303115356222 0.0718298735357159
2 0.567787651919525 0.952435367035563 0.129366127390181 0.04890702669174587
2 0.2680017095976358 0.6451746012554133 0.2628375663159842 0.16187655338349138