2 0.053125 0.3921875 0.096875 0.1078125
2 0.096875 0.51796875 0.125 0.1296875
2 0.28203125 0.5671875 0.20625 0.16875
2 0.33046875 0.57734375 0.0953125 0.1765625
2 0.48125 0.66640625 0.1765625 0.2703125
2 0.51328125 0.44921875 0.1671875 0.14375
2 0.4234375 0.9015625 0.16875 0.196875
2 0.24140625 0.840625 0.196875 0.303125
2 0.0828125 0.6609375 0.1390625 0.1390625
2 0.78125 0.3515625 0.14375 0.1609375
2 0.81328125 0.5328125 0.175 0.1375
2 0.81328125 0.71015625 0.196875 0.184375
2 0.8859375 0.9015625 0.2109375 0.178125
2 0.95859375 0.70390625 0.0765625 0.1796875
2 0.9640625 0.3640625 0.0703125 0.121875
2 0.6453125 0.678125 0.128125 0.234375