2 0.43248825201681235 0.5875 0.13109645273377613 0.1765625
2 0.5089514710942333 0.8765625 0.16257568169855413 0.246875
2 0.5440049062238568 0.5734375 0.15217377723940828 0.1875
2 0.6684100544788164 0.375 0.12437655917039336 0.1921875
2 0.7506051954443091 0.37734375 0.12084736758448215 0.1640625
2 0.8166836635133239 0.37265625 0.09130197921687966 0.14375
2 0.8673010225478311 0.3703125 0.09177187278026225 0.128125
2 0.8094881585696452 0.48203125 0.08079081411407207 0.0828125
2 0.6318915803808423 0.94765625 0.1760704631253363 0.1046875
2 0.6240308958322965 0.6453125 0.1352705005042031 0.146875
2 0.618987752773117 0.8078125 0.15203166560701079 0.2078125
2 0.3584394747774042 0.4 0.1059000747577337 0.084375
2 0.2607725170999496 0.3328125 0.12404877723940819 0.1875
2 0.4861713548471334 0.32734375 0.11583208565349708 0.159375
2 0.5545011017450403 0.1984375 0.0655700056999832 0.1109375