2 0.6584918464480685 0.6791143198597285 0.1888721494796016 0.12734015730897053
2 0.9098541140880656 0.6332556114987102 0.18029177182386888 0.1741546005537103
2 0.6397684226582074 0.5595632834625339 0.19922979534115867 0.14669093460686647
2 0.4257800864984458 0.3986899329088235 0.2146091338757694 0.14300473010335962
2 0.4266631558111797 0.3115403863325962 0.18443031094499088 0.13172726866002266
2 0.4183726209854706 0.24248999768364815 0.15458568068726616 0.09711243676633483
2 0.41484815128862396 0.19009618290882352 0.13707063206674713 0.08976101172019231
2 0.534117129691898 0.2670370195828733 0.09521068068726599 0.09330751387966067
2 0.9864299021931352 0.5180497185308257 0.027140195613729646 0.16081638648947952
2 0.7122775084792846 0.4871258813953506 0.15827724672063964 0.137837566315984
2 0.8836545414959716 0.5183525023071266 0.2285831026681051 0.17193076650055428
2 0.4639473083429991 0.7258229318290893 0.09446705223856355 0.10883238433001133
2 0.39719025553860854 0.8188732225452207 0.19980964947960161 0.1280410641565158
2 0.3831809079588863 0.5812730929955713 0.17160276232447186 0.12467623226282817
2 0.24524713873700943 0.4898995165005543 0.11873671189493056 0.06678458667404978