2 0.3787165735195136 0.4109375 0.16809799620027785 0.10625
2 0.1307849537441315 0.55703125 0.24375261284152788 0.134375
2 0.427243032866319 0.5078125 0.18110714247680573 0.128125
2 0.6492985644014578 0.5671875 0.188483231382639 0.109375
2 0.6733159862292009 0.64296875 0.15857752583555573 0.1
2 0.6969885691511106 0.7 0.1359751740119446 0.06875
2 0.7147020928024647 0.74453125 0.12514677678548622 0.0734375
2 0.5925368052834022 0.7234375 0.07987064437666688 0.075
2 0.07565717643522543 0.69453125 0.15131435287045086 0.159375
2 0.3844905287822565 0.59921875 0.14491506933854179 0.1171875
2 0.2328000890027425 0.63828125 0.195060539703264 0.1234375
2 0.5314077752668748 0.2953125 0.07554682028847245 0.090625
2 0.5635682714671526 0.1890625 0.1755468202884723 0.090625
2 0.6385461684092706 0.39140625 0.14582295269729179 0.0890625
2 0.7785711031547914 0.4171875 0.10915810087368065 0.0578125