2 0.3954618163355955 0.5667321635581317 0.1709943104386391 0.09507849512873605
2 0.1268828409756009 0.45515332995234187 0.2537656819512018 0.13714899269310407
2 0.44006793202178895 0.45747021185384834 0.17797235253201382 0.1076875892845374
2 0.6705737503529358 0.3590115722449994 0.191306810438639 0.09543305113509035
2 0.690149773959872 0.27750247362497116 0.16309080517696728 0.09337962743398434
2 0.7126309896884179 0.2131126911575671 0.13737817363517096 0.05390802434972921
2 0.728043158061917 0.16289450284596435 0.12367969468185844 0.05991256249917618
2 0.6014582712584489 0.20568774919251637 0.07395271046687402 0.06372730925276533
2 0.06702933432792393 0.3205658701303837 0.13405866865584787 0.15256371266133195
2 0.39056773193708433 0.3693622857171103 0.1338583314853265 0.10067393019392785
2 0.22755179244631063 0.35425725730689595 0.1932333314853265 0.10171032467404081
2 0.562339232219433 0.662937187504119 0.07880681043863902 0.09346935633066593
2 0.6030258744257473 0.7683689813356089 0.1812037683452644 0.08276940990138826
2 0.6690736215831499 0.5455666810112973 0.15160727360693613 0.08381371266133186
2 0.815644784694977 0.4946200154278661 0.11375866311182739 0.05037392126547413