2 0.3605401766524425 0.3804021349494443 0.17991038273097573 0.09943743949875791
2 0.09781639135578954 0.4834806413923519 0.19563278271157908 0.1325862827847038
2 0.3833881321027559 0.4930884873105764 0.18354556576151387 0.10570562021691714
2 0.5988062248259729 0.6022054538385015 0.19684279121570664 0.09641243344863373
2 0.602075003913708 0.686639541172519 0.17002519970043756 0.09313289734428025
2 0.6123430820930575 0.7523554447633153 0.14196410151720862 0.055487451599006476
2 0.6183540949699352 0.8031957820973329 0.12879442182065048 0.06634313836728997
2 0.4988067405777885 0.754821393730043 0.0841196506088231 0.0738920179539809
2 0.02162081105040812 0.6158795300542292 0.04324162210081624 0.14738406010845856
2 0.31608931967522197 0.5802385084860111 0.14499324879205205 0.11172836123992677
2 0.1481365451294147 0.588640840064492 0.20398561151914843 0.10738629488495217
2 0.5484703534740627 0.2900458214231401 0.0760201081851685 0.08946247579950324
2 0.6094234421143939 0.18488159845230728 0.18593724212409235 0.07760789129415602
2 0.6329892614997517 0.413252038147457 0.1550698793969957 0.08211358411256367
2 0.772020068467274 0.4719008511827818 0.11683655575957416 0.05377950585373252