2 0.36373211990215426 0.6237981846439951 0.1712848493799445 0.10391065128862387
2 0.11041266866668757 0.5256694646084641 0.22082533733337514 0.15660628335537102
2 0.39768291264340294 0.5173368227036359 0.1787188410815747 0.11986319990914289
2 0.6117356024802222 0.41482373360319824 0.18643625269929237 0.09847952283992142
2 0.6240831597436178 0.3346825322237173 0.15999215186945542 0.09864994120271575
2 0.6405970761352204 0.2720154358871904 0.14114706348717299 0.07587418249628844
2 0.6513578999953555 0.22316517808527428 0.1251668659766839 0.0703678109449909
2 0.5325477777948944 0.26949022218323754 0.08200886182749904 0.07588747060135788
2 0.044836135473208534 0.3990826311622359 0.08967227094641707 0.15441526232447184
2 0.34200252032171713 0.43441478007601064 0.14446224025173776 0.11962418249628844
2 0.18274591949188018 0.42449979025277595 0.2047844336130419 0.135235894391219
2 0.5328713609790846 0.7103132960185272 0.07538035352912935 0.0911030348257091
2 0.5817214128438956 0.8109174836031983 0.18522895020978147 0.10308513568479186
2 0.6264222966667189 0.5936414523955338 0.15554145020978147 0.10152927973732648
2 0.7638523643030769 0.5396643605815628 0.11171967261537966 0.057212713703952825