2 0.59921875 0.59140625 0.0671875 0.1484375
2 0.49453125 0.853125 0.0953125 0.221875
2 0.496875 0.5578125 0.0875 0.15625
2 0.4046875 0.3484375 0.071875 0.16875
2 0.32734375 0.3359375 0.0765625 0.14375
2 0.2671875 0.31953125 0.046875 0.125
2 0.2203125 0.30859375 0.046875 0.109375
2 0.2609375 0.42421875 0.0578125 0.065625
2 0.36953125 0.93125 0.1328125 0.1296875
2 0.4140625 0.6109375 0.0859375 0.1140625
2 0.4 0.76484375 0.0859375 0.175
2 0.6890625 0.428125 0.078125 0.0578125
2 0.78828125 0.3828125 0.065625 0.1625
2 0.57890625 0.33671875 0.065625 0.134375
2 0.53125 0.203125 0.0359375 0.1