2 0.3927098325907307 0.5314589055444268 0.12147610534690845 0.10841306956195354
2 0.26058822326545766 0.48137106025567417 0.10112724267981754 0.10386768119435104
2 0.30236773794559346 0.3793115335204691 0.09645792401336309 0.10510239926336577
2 0.41556936131445543 0.10988990814231676 0.13542951734563574 0.10002141535490923
2 0.42269206532463677 0.03445286556766981 0.07569089067472685 0.06461951089576327
2 0.3770801206635911 0.011129252093686955 0.09583975867281787 0.02225850418737391
2 0.14835458931413725 0.13091722820847346 0.08839088534372679 0.08268109604505716
2 0.5243592745862765 0.5550388811550102 0.13582950668363553 0.13439641535490915
2 0.43849559460536647 0.42053247720006726 0.1452045066836357 0.13505197921687967
2 0.6609063966025029 0.42605658547827 0.16855110001590834 0.1288783888718056
2 0.7882763239179129 0.5490738323761769 0.19862040802036277 0.16376684110137862
2 0.9072637759389119 0.3861917841015468 0.1768908586887264 0.17473719209011432
2 0.23549841128263868 0.35666599119792364 0.03964430267345422 0.05273151609154336