2 0.5923092396416657 0.5611218221641785 0.1263926669304743 0.10731169396136267
2 0.720250034706243 0.49276142803620004 0.10442673871722885 0.10316784946188076
2 0.6713926490502926 0.39739111600170673 0.11260295157021041 0.11603172249741008
2 0.5427066740566102 0.14184097518349717 0.13857441818411545 0.09695639081820957
2 0.5307809870678762 0.06774850371954444 0.08315949247815269 0.06940927956950457
2 0.5730965192003299 0.03842703080784966 0.09755696159934021 0.027949525640563154
2 0.8090590997625732 0.12921265839149293 0.09625052586424729 0.09030397642635143
2 0.46286578054960803 0.6004668043814982 0.1572167695960413 0.14775691149637407
2 0.5398183886254514 0.4561945736119206 0.166773626022532 0.15444355913900912
2 0.3198181256933276 0.48897487861710054 0.18851223370266404 0.15077490363849116
2 0.20233144583072962 0.6282299696019258 0.21906355172849495 0.18184512117350238
2 0.0874221289920329 0.4801113391227985 0.1748442579840658 0.19772267824559703
2 0.7364553593959917 0.3659998748930469 0.04364235141192587 0.05196491439185813