2 0.453125 0.40703125 0.0875 0.1109375
2 0.5109375 0.278125 0.0859375 0.0890625
2 0.60703125 0.31796875 0.090625 0.0890625
2 0.8609375 0.42421875 0.0765625 0.125
2 0.93359375 0.43046875 0.0515625 0.06875
2 0.97734375 0.38671875 0.0453125 0.0921875
2 0.85859375 0.165625 0.0671875 0.078125
2 0.421875 0.53515625 0.1109375 0.1234375
2 0.5578125 0.45 0.1125 0.134375
2 0.5375 0.665625 0.109375 0.159375
2 0.409375 0.790625 0.134375 0.184375
2 0.5609375 0.90859375 0.15 0.1703125
2 0.63359375 0.25234375 0.046875 0.034375