2 0.7274093168386967 0.44025777069298594 0.18051787727617316 0.13901940990138845
2 0.27919444035394625 0.2635984443973874 0.16894387978345576 0.11695349512873605
2 0.6361815409079423 0.056440103891738716 0.0927163489046432 0.07345686525911972
2 0.3842333490376573 0.8712081672049891 0.11953491316955063 0.136393241882325
2 0.45195204645123255 0.8809883161493289 0.05161998746358769 0.11022047970746059
2 0.57885815657214 0.44157303449270363 0.12258570533113407 0.08022506249917605
2 0.019552667392692687 0.4777937633926806 0.03910533478538537 0.09933752678536116
2 0.12644151339434215 0.2750017743497292 0.08802884890464333 0.0733750446422687
2 0.07893734224072577 0.02717220048646734 0.04525031551854848 0.052326159090609524
2 0.7625404862764534 0.3611430150109431 0.11132995658477522 0.06909664772652384
2 0.6138252238065481 0.717323056813838 0.06169366943775678 0.08072389448011297
2 0.8939219007661523 0.7081425202859488 0.0948411385589445 0.03913641233702041
2 0.8681429992750843 0.7882021672016938 0.12204013605166182 0.061475062499176045
2 0.3899775129986307 0.4320229362797125 0.08707410266556703 0.040562544642268605