2 0.6125 0.2734375 0.103125 0.1515625
2 0.7125 0.72734375 0.090625 0.1484375
2 0.96875 0.4234375 0.0625 0.078125
2 0.1515625 0.5296875 0.1140625 0.090625
2 0.153125 0.46328125 0.103125 0.034375
2 0.58828125 0.4140625 0.05 0.10625
2 0.46875 0.9609375 0.0859375 0.05625
2 0.67890625 0.87109375 0.0546875 0.0734375
2 0.921875 0.97265625 0.075 0.0546875
2 0.69296875 0.253125 0.0484375 0.1
2 0.3328125 0.33671875 0.0703125 0.046875
2 0.3828125 0.071875 0.021875 0.0875
2 0.303125 0.0828125 0.03125 0.109375
2 0.56953125 0.5953125 0.0203125 0.078125