2 0.34044783389627253 0.33040488664636314 0.19867493676633483 0.16211567550756795
2 0.8443342974990781 0.28556304210963246 0.19681204811738687 0.15732804595791858
2 0.5491581932447398 0.00736670728128396 0.09519138648947952 0.01473341456256792
2 0.5526366671742363 0.8627901827611651 0.14086243676633484 0.15841088217054314
2 0.48215418645256775 0.8524021977205599 0.0667845866740496 0.11942992288667434
2 0.48926486813399883 0.3757803385289763 0.13000647748246602 0.08613536397194572
2 0.9734839720837952 0.3422765121908428 0.053032055832409594 0.07834384793281668
2 0.33000288479143663 0.2408615252953111 0.12551923658176473 0.08895997532299775
2 0.3705298642764875 0.6406915445736425 0.07758238433001133 0.0936684592838688
2 0.09096467535068434 0.5503516509874491 0.10134125693983032 0.051620661627907086
2 0.09808436535622167 0.6369702714377998 0.1178674228866742 0.06668445712440044
2 0.681982096696199 0.4206959130214084 0.09030362739018098 0.04935725478036197