2 0.15297999434579043 0.28771576322898307 0.1911716338757694 0.1393501843053107
2 0.11097395804974335 0.39303070499752557 0.1601739393936934 0.1127943283578455
2 0.2446872167561706 0.41717861318355454 0.08040455223856365 0.10705558344622812
2 0.35891016904016276 0.4410841819304615 0.15055992198083884 0.07800989258219673
2 0.47021616123824667 0.4539294199446739 0.07966756784239593 0.09299308344622811
2 0.3326641723195231 0.3119355924913396 0.19108974672063966 0.1377876843053107
2 0.3391864099950512 0.19852818973237765 0.1886198439616777 0.15012390999505124
2 0.6137703301668678 0.23473344188008421 0.22035452283992144 0.19074226594251653
2 0.5985868227036358 0.46533166666531356 0.18656602103089917 0.14066702283992144
2 0.6723751255080265 0.37181071799936605 0.10844766508343398 0.10696705223856365
2 0.5461788749421995 0.5654268419255126 0.16913950361804453 0.10547315128862386
2 0.5365792248967709 0.649846107529345 0.1560662935321364 0.09388055404758582