2 0.6247739034085666 0.05392312801986998 0.14017280681713337 0.10784625603973996
2 0.5048880974022122 0.03788341090062691 0.10977619480442442 0.07576682180125383
2 0.5139512260540126 0.13094878725350695 0.11882391233702042 0.10331593182259016
2 0.5215336753226639 0.251596127101786 0.08556712743398442 0.16457242515463036
2 0.5407530539744643 0.36659937376780616 0.09514095048646745 0.0873402454580721
2 0.6503756956152034 0.19257232921811962 0.13934669236879244 0.2064089809142046
2 0.7697023940730758 0.17109632875907768 0.17076033360249454 0.21833489606689524
2 0.8122207252399385 0.45553523057584877 0.20718875730360073 0.24939344849248962
2 0.5665088047852431 0.4974986874032881 0.15979556006354426 0.21587957576345357
2 0.6855412228043064 0.5488064827018807 0.11451824188232518 0.12480829454968649
2 0.44633662661991014 0.47053718786233006 0.10461713636243815 0.1832904742462448
2 0.35501219723676114 0.4826861146839504 0.11703531574558701 0.17962334030732113