2 0.5082881113802958 0.12073181761525323 0.34904877723940825 0.20510573835289664
2 0.5549449540711584 0.23844161804479458 0.2975955378830699 0.20396596223361482
2 0.264161780922579 0.30396596223361483 0.27924972946898113 0.2310264292169281
2 0.23155636657607598 0.14229812188998178 0.2703446230323638 0.2149919934412793
2 0.038685805564097175 0.24452128392119793 0.07737161112819435 0.15466756784239583
2 0.05536234826479489 0.14303734905006033 0.11072469652958979 0.12300148801421237
2 0.13828416182548758 0.8962885018090223 0.22267194753799596 0.20742299638195547
2 0.7818459436795981 0.1781945940732193 0.2540640591703934 0.20479812188998178
2 0.6152765306704774 0.39607373360319825 0.3722456126408037 0.29194399705932383
2 0.6589562028106506 0.6124257519205639 0.4126956500196705 0.336096788782438
2 0.6095635821240754 0.8908706193457905 0.23502983590559853 0.21825876130841912
2 0.801707159479699 0.8460959085247133 0.305025261652068 0.30780818295057355
2 0.868314049359911 0.3881638155790883 0.20929786238870207 0.21023589439121898
2 0.7132923216556406 0.08207651062699123 0.1390403566887189 0.0960229081860289
2 0.24179048214374582 0.5678237443457904 0.10760468639013113 0.06946705223856356