2 0.4218917534611305 0.9435881331160271 0.3232386000159083 0.11282373376794581
2 0.39538270277685855 0.8184553141207338 0.29097154002227166 0.16910810470581278
2 0.7162219141072222 0.8021850263750288 0.26804311736154424 0.2124490016215578
2 0.7289139127943578 0.9465814040158271 0.251345418682363 0.10683719196834573
2 0.9611498693904974 0.9213789058376081 0.07770026121900528 0.12652731818121907
2 0.9222462894652667 0.9825615886739818 0.08957157733927232 0.03487682265203631
2 0.9266817733529538 0.16067718505860126 0.14498742536599848 0.24310689204448094
2 0.1441201947803584 0.8398455243497291 0.2411533533577262 0.183860351459402
2 0.3526668494191324 0.6380587021080252 0.3353215240292714 0.2214342637964224
2 0.3358226053866794 0.39875074025747204 0.3764737827020893 0.26745587580913127
2 0.4316232646801358 0.10673260998081868 0.19762152936027153 0.2018466923687925
2 0.19597666601686287 0.12761430559931733 0.30906810669954393 0.2475331136342666
2 0.08744129141467807 0.6006233372559425 0.16301017202418072 0.180934174511885
2 0.19627413546303946 0.9565733283274888 0.11822383601209037 0.08685334334502244
2 0.7762668867361331 0.5251646047025176 0.1035977146721816 0.04242505357072233