2 0.078125 0.6125 0.15625 0.290625
2 0.23203125 0.63359375 0.121875 0.2546875
2 0.24609375 0.3375 0.1640625 0.228125
2 0.08046875 0.33046875 0.153125 0.2265625
2 0.13828125 0.07421875 0.10625 0.1390625
2 0.04921875 0.153125 0.09375 0.08125
2 0.8375 0.11484375 0.21875 0.1484375
2 0.21171875 0.865625 0.1390625 0.2046875
2 0.39765625 0.66796875 0.1890625 0.303125
2 0.61875 0.67734375 0.228125 0.3375
2 0.89765625 0.5828125 0.1875 0.1640625
2 0.88046875 0.79921875 0.2390625 0.2765625
2 0.43359375 0.91796875 0.159375 0.1546875
2 0.07109375 0.82109375 0.1390625 0.1046875
2 0.50234375 0.27421875 0.034375 0.09375