2 0.6335957252148691 0.86141955195246 0.2045431440165446 0.12542056006354407
2 0.8613020072008698 0.9605489784962351 0.17712612133990868 0.05151940990138826
2 0.8341769805458693 0.8751024021973413 0.1843033693507265 0.13131600405718977
2 0.754472393897232 0.743708126222759 0.1843033693507266 0.13131600405718977
2 0.8910655165897762 0.5507376018730297 0.2063056386855444 0.14263533360249453
2 0.589839371260367 0.5270951448904453 0.16984088001272662 0.09669554220663663
2 0.547752415937321 0.4520639172115796 0.18986247867599956 0.0720500982129911
2 0.5344989852800934 0.3827781290621327 0.1507454346753633 0.06668075973923263
2 0.5059023652928201 0.2895463263021892 0.13522952267663585 0.0757830243497292
2 0.3337739213080921 0.1800736891256769 0.15103633601209038 0.09168075973923262
2 0.7835091972867749 0.32922288636902863 0.1794340560152719 0.11560918344033873
2 0.7251068986314562 0.24666553084914158 0.18379429201145409 0.08756600405718977
2 0.6486358526416375 0.1730155710271834 0.180705654678545 0.0906364569792891
2 0.7771068453214551 0.07391777760273069 0.14453179734245403 0.06969666558343128
2 0.8808045573281366 0.026275646106613648 0.17565452800763603 0.052551292213227296
2 0.2430183679185492 0.5956362337679456 0.12561816534054512 0.05530688311602709
2 0.21852744525782164 0.5523226103911509 0.11920453333863615 0.04113528896022593
2 0.28177014322091426 0.8230384849857616 0.12420111600890867 0.06777960957707699
2 0.2843406125477782 0.8706401879078609 0.11771475867281786 0.04735801542127547
2 0.8235427566040938 0.44646888758684466 0.19031701201463563 0.1111125982129911