2 0.7092313831713188 0.8835128578680292 0.21588218597979178 0.15644915309764612
2 0.9195681647064575 0.9539835673881105 0.12056837955902751 0.08434842378986111
2 0.8949149632434368 0.8705602357509047 0.17532992116215276 0.15744508706427274
2 0.8061453636040273 0.7524885871758143 0.19397081838861122 0.15374023292582972
2 0.893068054617812 0.5466314128201264 0.19429812670923638 0.16780273292582973
2 0.605694687976562 0.5597301198538169 0.175983231382639 0.1184644742194024
2 0.5509903106017358 0.49037593226914583 0.1942604526972918 0.09913462008095948
2 0.5259552494313191 0.42335885063194 0.15661498233256949 0.09091932835784551
2 0.4818435331506595 0.33578692955561235 0.14575021751493064 0.09347111827193721
2 0.29300054511850676 0.24923419662978258 0.16032186379145844 0.11608310266810493
2 0.7609679886977428 0.341028786746273 0.1905185100679862 0.1395139586155702
2 0.6891670303008679 0.2668675904551747 0.19157186379145835 0.11772084577069997
2 0.6006688811745484 0.20434657903521397 0.18841049620027786 0.11599457146044045
2 0.7096828181042708 0.0911649055840371 0.15210932028847246 0.09848616689245618
2 0.7997636106573264 0.05208247342643295 0.1817227786853472 0.029811409995051226
2 0.27776709688652723 0.6684788415868285 0.13455814437666672 0.08196040818602893
2 0.24582741907486055 0.6292592113291037 0.11987739532659722 0.054660923789861114
2 0.35634211930361037 0.8884848043862703 0.13154224715020843 0.08648413387576923
2 0.3670062091593742 0.9344114580497432 0.11856946846486113 0.06551653663473118
2 0.8217580587018747 0.45137646652902796 0.19822190729444458 0.135235894391219