2 0.21763015603832234 0.14586193313000018 0.2465894742194025 0.17896537385944464
2 0.05913930461341281 0.183467769851632 0.11827860922682562 0.170060539703264
2 0.12296835199073641 0.2954060318194793 0.20449050542706693 0.14989481648875014
2 0.07361016112670499 0.5215132837193404 0.14722032225340997 0.16177656743868063
2 0.3459101277713339 0.47424411910979203 0.19922979534115867 0.1388482137152085
2 0.40817775441101406 0.5398340579393753 0.21041960085908262 0.11413915444465292
2 0.4390725503179997 0.6070403949453477 0.1671675678423959 0.09284472948277803
2 0.4915590632082985 0.695086562023438 0.1586114393936935 0.10825152393569457
2 0.6960960770031084 0.762423451650452 0.17990658525525038 0.12747430262104179
2 0.19518535221787903 0.7233875210859029 0.21271244120271565 0.1578891544446531
2 0.2760801481248646 0.7917576210096531 0.20794969810012062 0.12656641926229178
2 0.3724737912728881 0.8479732130496185 0.20490658525525038 0.12805618407993072
2 0.2667859560176377 0.9644826869297223 0.1633874706013579 0.07103462614055545
2 0.6849360854823929 0.31865461464447975 0.14685506784239594 0.09237195079743063
2 0.721252043759279 0.3570456206284034 0.13131859905006033 0.06391964247680564
2 0.5893690372005583 0.0974134346486116 0.1404412935321364 0.08910148043270842
2 0.575337514699321 0.05171907494121576 0.13682497060135787 0.07965374525034734
2 0.1258355659218319 0.6138293767092362 0.21838923111680747 0.14709712480937503