2 0.60931334054746 0.9069801317174726 0.2251283640197263 0.1557192688161379
2 0.8214406232097783 0.9385864076698764 0.19687609468490813 0.12282718466024711
2 0.7473684185630503 0.798504159839235 0.19533177601845378 0.14496155128112634
2 0.8926007445894582 0.610631786389421 0.2034169960216353 0.16876292431665565
2 0.5877228879296851 0.5456231007002258 0.1839942866804538 0.11007712903138529
2 0.5480796799411392 0.4593559609154735 0.20884883601209037 0.09874152274507893
2 0.5395864746180932 0.3831380632728384 0.16495338534372692 0.0842038337461151
2 0.5165495112985471 0.28044755686269757 0.14787497334499947 0.09277831306795062
2 0.3407602653166826 0.13859388895618277 0.1668431493475448 0.11240160835322088
2 0.8095086232893202 0.36209793299859877 0.2016363200190902 0.1499401497095497
2 0.7527870033020468 0.26565527253568205 0.19958292401336308 0.10767987510244392
2 0.6772153859802736 0.17693306678749504 0.19649428668045382 0.11065932588823216
2 0.8204301313255913 0.09527430603412805 0.15390679734245402 0.07431941149637403
2 0.2146030139242762 0.5681101069054788 0.13833634134309047 0.07827916542531543
2 0.19172004459741226 0.5193622377988909 0.12865225867281788 0.05128001778268043
2 0.23908320389086865 0.8154774125298314 0.1335579346753632 0.07024834160399784
2 0.237701969883869 0.8670035252262783 0.13045111600890866 0.07166529238978611
2 0.8431740039385938 0.49186036165848057 0.21246473201781732 0.14107457195929066