2 0.3119389012174144 0.8464145262168052 0.20779541335136287 0.13761302203583342
2 0.08338565227166192 0.9440207973027082 0.16677130454332384 0.07910953780340294
2 0.11508208255095986 0.8494343427055554 0.18593859468490828 0.1386663757593059
2 0.2071252265675046 0.7254500224170831 0.1763817813494538 0.12282317021222226
2 0.09571029996818328 0.5289588417556249 0.19142059993636656 0.12958231648875013
2 0.39069334659454874 0.5220126318401386 0.16028406667727219 0.0818344943004167
2 0.4407302566040938 0.45055455271795103 0.18844542934436315 0.08561411094166686
2 0.46026205394654796 0.3829306416237843 0.14284202800763596 0.059559450797430635
2 0.49800804929186554 0.29379475323104126 0.1368465666772723 0.08128898043270842
2 0.6780051793045923 0.19588066404086749 0.15105451734563574 0.09411628875333347
2 0.2227807826225475 0.3197266992788193 0.18108746268299925 0.12449477298576409
2 0.28850632729950154 0.24243619424482615 0.17916133601209036 0.0932084053945835
2 0.3713011933084102 0.1749018957078469 0.17921588001272665 0.09789590539458351
2 0.2569125239895005 0.07134309745520812 0.14147952267663594 0.07671058320625013
2 0.16145512066359105 0.021783427811666638 0.1739647586728179 0.043566855623333275
2 0.720888829248913 0.6049277025098605 0.12569089067472686 0.06228440729444458
2 0.7494865439210946 0.5636480858686104 0.11925907733927232 0.04651393692972228
2 0.6581871925525506 0.825077854770312 0.11780566534054522 0.05585256933854188
2 0.6506286838797328 0.8705540089306245 0.11462612133990877 0.05109233415618064
2 0.1714808172740482 0.4326092121965971 0.1839942866804539 0.10581750816812523