2 0.13984375 0.65859375 0.1046875 0.1890625
2 0.03203125 0.88515625 0.0578125 0.1671875
2 0.13046875 0.85390625 0.1046875 0.1671875
2 0.25625 0.7703125 0.1 0.1625
2 0.446875 0.89765625 0.1125 0.1890625
2 0.46328125 0.60078125 0.0703125 0.15625
2 0.5359375 0.55625 0.05625 0.18125
2 0.603125 0.540625 0.04375 0.140625
2 0.69296875 0.50859375 0.059375 0.1265625
2 0.79609375 0.3359375 0.0703125 0.1375
2 0.659375 0.78046875 0.090625 0.1640625
2 0.73828125 0.71953125 0.0609375 0.1703125
2 0.8078125 0.6421875 0.06875 0.16875
2 0.90703125 0.7625 0.0546875 0.134375
2 0.96953125 0.86171875 0.0515625 0.1671875
2 0.39140625 0.2671875 0.0421875 0.11875
2 0.4328125 0.24140625 0.028125 0.1140625
2 0.17109375 0.31484375 0.046875 0.115625
2 0.125 0.31953125 0.0390625 0.1109375
2 0.54609375 0.82421875 0.08125 0.175