2 0.2962968190892791 0.8578125 0.22266286167271768 0.134375
2 0.07296006714929378 0.971875 0.14592013429858755 0.05625
2 0.09008720598945821 0.871875 0.18017441197891643 0.11875
2 0.1786384282905388 0.73515625 0.1842715237259962 0.1125
2 0.07963978456323006 0.53203125 0.15927956912646013 0.1390625
2 0.3659314757425312 0.51015625 0.17544035178688588 0.0875
2 0.4152722425484452 0.43046875 0.20200285178688593 0.0875
2 0.4346390078714844 0.3578125 0.15697951186299802 0.05625
2 0.47139886163553657 0.2609375 0.14211851581733087 0.075
2 0.6588590523577272 0.146875 0.15656301779449713 0.084375
2 0.17830543623638523 0.30234375 0.19077619171077376 0.11875
2 0.24586962102707677 0.21640625 0.185741181824942 0.071875
2 0.3302074703425048 0.140625 0.18937551779449713 0.084375
2 0.2046901585932374 0.03828125 0.15442751482874756 0.0703125
2 0.7232227109137835 0.58046875 0.13178851087441484 0.0515625
2 0.7515997203053237 0.5359375 0.12502917490485999 0.0390625
2 0.665889077492236 0.81796875 0.13236151384016442 0.065625
2 0.6599454836140156 0.86796875 0.1237850098858317 0.046875
2 0.12799507703512553 0.425 0.19275518577927472 0.090625