2 0.5477355795003706 0.1386933757860142 0.20765384099925885 0.22351163666229373
2 0.5078057721957876 0.2989105389684287 0.22359190782296262 0.17469470506402782
2 0.4618405783690749 0.438360175842484 0.26878683063166625 0.21152684712916775
2 0.4086397915168531 0.6425625574548673 0.3408367793593513 0.28878656811938547
2 0.05996288595648182 0.4488995025602488 0.11992577191296364 0.2102990051204976
2 0.20778381423180567 0.06628296558737148 0.15630737153638866 0.1163669945971538
2 0.3595078073510658 0.5399766127730089 0.1638641762490735 0.2738154735504665
2 0.3072433868514364 0.643723968077033 0.13267438190398123 0.1305359104104042
2 0.44896270367514013 0.7022329600433509 0.1717354648447218 0.2571740051204975
2 0.5968470227614354 0.15176179415951335 0.12695064514629592 0.22502936305535762
2 0.4988490201695372 0.14998021530502278 0.1648019596609256 0.24899748407381014