2 0.4936720519748983 0.15181591532186856 0.17824132325581452 0.21039485030926075
2 0.49694034700996603 0.3091500542617621 0.21656334361388008 0.1777735400077587
2 0.48891019664082586 0.4467138271405794 0.24578976866002264 0.19725686364518022
2 0.4911376233850113 0.6448005118381075 0.2859932665005543 0.24250546182840918
2 0.0913867496954582 0.5469861834895801 0.17129041640826922 0.1989471672787225
2 0.16290291332595022 0.12952748758216437 0.1380378254152828 0.1651462521260319
2 0.42114410086747744 0.5605533154716498 0.13300796884459273 0.2564409318225902
2 0.39944147671649893 0.6663728807741217 0.1131589389258032 0.11648561151914834
2 0.5432217550941291 0.6898896133553162 0.12379365514950216 0.23392820303441758
2 0.5430910610741968 0.15270860668735645 0.11069287785160639 0.22353283697334123
2 0.45116437692875566 0.1656234527445534 0.13905770974529402 0.2538261148531283