2 0.42232815322376815 0.6333301380114934 0.20999516823232475 0.2030561840799308
2 0.43011535032470094 0.3518801162600004 0.15972215244730936 0.19720492116215294
2 0.2669551976656302 0.3191370853904516 0.19344470506402783 0.21359364057694458
2 0.09755056321064935 0.25011106240468756 0.1951011264212987 0.2779107137152085
2 0.3221417685570258 0.1506604955346878 0.1803230787839034 0.17583906743868072
2 0.4591944475244558 0.17497277735416708 0.17002261561560633 0.18652199430041677
2 0.6316022556146077 0.38473290311347275 0.16102704721387226 0.166027656344514
2 0.29476605339317735 0.8087275686729516 0.190638952503779 0.13863000816812523
2 0.20490064561360904 0.9278938363403821 0.221888952503779 0.139357359991736
2 0.4019807719643206 0.9632488016711113 0.12044827886860805 0.07350239665777743
2 0.557813543011008 0.9585989756830557 0.15711382096198284 0.0828020486338886
2 0.6599899640153432 0.918146121578334 0.12566639988706035 0.12151393692972264
2 0.7899967114550943 0.9855271112260073 0.15585515785015538 0.02894577754798533
2 0.8492876824453119 0.9319397839067716 0.1430359104104042 0.1250389804327085
2 0.8868170455006694 0.8248546357303826 0.09176183674699842 0.10200021751493074
2 0.7815974664344175 0.6972361691653826 0.11870376834526439 0.08234233415618064
2 0.722003387579927 0.7936377372696535 0.10213789462538862 0.11940592306201392
2 0.8139010031955334 0.6127163520110424 0.15360938936371688 0.11904355357097245
2 0.5990656874952223 0.7015930947928478 0.1651083314853265 0.1021469943004167
2 0.27533976115862824 0.6721536358272919 0.10259292093374794 0.12721842306201392
2 0.10941883706464059 0.5531821642282987 0.21883767412928118 0.169153962765278
2 0.01671997923566128 0.6648625870059723 0.03343995847132256 0.11722517401194459
2 0.035895642488662935 0.8748194684648611 0.07179128497732587 0.1371389369297223
2 0.19074755538872873 0.1366499340799307 0.14836044724210717 0.13608558320625014
2 0.5731806237904629 0.12521112632798662 0.08593604195220053 0.16271951196784729
2 0.7549894638035816 0.6973991701153132 0.1424142841302798 0.087575348023889