2 0.31561844018666285 0.5138923137358677 0.20234150723608924 0.1982232137152085
2 0.6140625842391977 0.5365972362292009 0.21452060266810485 0.16261302203583342
2 0.6226961985544059 0.7143040089306245 0.23359150723608924 0.19895056553881965
2 0.6684203770939654 0.8989504594437147 0.2868050384437538 0.17209843123013896
2 0.8089546031223902 0.6740751331713188 0.1741412641334943 0.166354964665139
2 0.8050560764372815 0.5251291401051729 0.18927494120271576 0.15734364057694455
2 0.6099017859573628 0.31821091214100644 0.17513055404758582 0.15545383225631956
2 0.11132600859488562 0.6302297478157985 0.15069712008095948 0.19546058320625015
2 0.021325625848740325 0.7108277440160764 0.04265125169748065 0.22042290919430557
2 0.00017266112670498646 0.4958209930661458 0.0003453222534099729 0.11148301386770836
2 0.016722753279360347 0.32992323613229163 0.033445506558720695 0.14952852773541672
2 0.05680385967908121 0.2281782449660069 0.11360771935816243 0.11675370174736122
2 0.007607782112175621 0.08184941204409721 0.015215564224351242 0.14880117591180558
2 0.0660477238807182 0.0499623259880555 0.12185506784239586 0.09179006933854177
2 0.1839279426730537 0.019520851681440916 0.10196529172311405 0.03904170336288183
2 0.3048811725466657 0.12321341555947889 0.08418464947960161 0.11744337955902787
2 0.19358514642738392 0.17730346314652762 0.12012879353213637 0.08862870174736122
2 0.3982560362960471 0.09841147767982605 0.12373182835784542 0.1573787017473612
2 0.27050841531057646 0.31752711322277755 0.09593437697836445 0.16297408510611122
2 0.25220663613907696 0.6667458632227776 0.13147572930778512 0.09669577488562524
2 0.3512638545927282 0.8610751318401386 0.16787797602842486 0.2255117591180557
2 0.21715777024198898 0.9632942081125346 0.12038109905006031 0.06366506933854196
2 0.033485370873928985 0.9329930315351387 0.06697074174785797 0.13372299620027803
2 0.8046278720055827 0.8161898979889577 0.14832239258219673 0.15014808320625014
2 0.8750963387617535 0.4095755688667701 0.17785940637700656 0.08841180262104179
2 0.29950095375433017 0.1514293345374303 0.1015292797373264 0.15061955547083344