2 0.36080815144949685 0.5381707740304591 0.18545675273047452 0.1966761208772782
2 0.6528865671405415 0.5399027900978235 0.20718630698520074 0.17295019454068417
2 0.6753195824622437 0.7111939611727457 0.2151260720123153 0.1952802208490434
2 0.7344758929634857 0.8795652585983795 0.27272040339440445 0.16114741553090176
2 0.8536854769778536 0.6594131113421549 0.17600902985783762 0.18363008930724706
2 0.8373388351927181 0.5158829192205452 0.18844539734428026 0.17342063140062186
2 0.6306808107958297 0.3295491190229011 0.1696317648307229 0.16139106826055977
2 0.17029171487760514 0.6648529133235888 0.1385908430895541 0.19550846302712266
2 0.05810026620546501 0.752609789533126 0.1122192406302261 0.22677387357870132
2 0.025135313624500017 0.5453279105515786 0.050270627249000034 0.11559417889684287
2 0.03425175927157804 0.3831086316123834 0.06850351854315608 0.15253273677523324
2 0.08115350946796976 0.280332971131392 0.12258404800821017 0.1289734104104042
2 0.018572737997947456 0.1395329368599378 0.03714547599589491 0.16155912628012437
2 0.08075003025062102 0.08120522639306385 0.11954086123992676 0.14285389988706054
2 0.19340911153451434 0.04783513690934883 0.10521474082661783 0.09567027381869767
2 0.3177000635263042 0.16190367661894278 0.0882090480082102 0.12697129465362353
2 0.21426599131759713 0.2210350238892848 0.11771474082661781 0.09745039462538871
2 0.4076938044511178 0.13088962407281146 0.1180965359079618 0.16307539462538873
2 0.3009796752572102 0.35109497923566124 0.09469539734428026 0.16796031570031095
2 0.31072127215739337 0.6902561897731224 0.1224022408266178 0.0977234104104042
2 0.42059520014507806 0.8666073161944212 0.1715760599120669 0.22710707352223158
2 0.2982065948570797 0.9619869766048254 0.12054884933607006 0.04763240514873246
2 0.08040147132051281 0.9465572106080483 0.13181360226293629 0.10451944198043535
2 0.8599122301993074 0.7972848376646315 0.1367647226762454 0.1501049577654509
2 0.8965916362259904 0.39918897190785085 0.16918633723582133 0.08482856826055976
2 0.3159784822424109 0.18933843188061464 0.08990790339440444 0.1504997999152954