2 0.43072778380965626 0.5739088494761264 0.19897084577069996 0.20228303788306992
2 0.4379006331984009 0.28851765269443513 0.17330910447712727 0.21761310694082042
2 0.27066554556830125 0.2714115522099025 0.18901599163225705 0.22026821337743777
2 0.10048247823393182 0.21896888526550945 0.20096495646786364 0.2947983198140552
2 0.3265890762101389 0.09547748290005045 0.1825269742194024 0.1855654314464526
2 0.4660676560383223 0.1075190249704943 0.17068207146044045 0.1971913462971587
2 0.6425947772509355 0.3037827477310861 0.15530937697836436 0.1712080005042031
2 0.3016976238146051 0.7635172887162491 0.19972111827193711 0.15718905917039336
2 0.21073070782666004 0.895198613473983 0.21995173111680746 0.15704694753799586
2 0.4109863353708514 0.9208931101197881 0.12210072930778507 0.10194454827463026
2 0.5699485775689352 0.902771904788122 0.163462713703953 0.11884782500983526
2 0.6744180715760415 0.8402012129501092 0.1299065852552504 0.13206909084927707
2 0.8063021573971187 0.9080392869515383 0.16741987336031983 0.07553486758448216
2 0.8622489422228277 0.8356290553888701 0.12768898801421225 0.11945983020561535
2 0.9006707123492159 0.7263033318719738 0.08204893939369313 0.11004127153942508
2 0.7957076526474204 0.6052092178937878 0.12341756784239592 0.09736630891829172
2 0.7358203182966812 0.7082520904219486 0.10161781094499087 0.12697739926336576
2 0.8291586397571216 0.5164691459860458 0.16436347241038013 0.13603532500983526
2 0.6108413297166418 0.6274769738458726 0.15754690637700666 0.09508254307885018
2 0.2808196370435881 0.6272027303021603 0.09865658525525038 0.12988387797604234
2 0.10922011250618598 0.5225802043232599 0.21844022501237195 0.17278120818165768
2 0.0181170776804769 0.6468696461612727 0.0362341553609538 0.12188570767745457
2 0.03947974332973765 0.8567309652190233 0.0789594866594753 0.15216306956195352
2 0.192046979873612 0.09320977857679051 0.15753361827193718 0.15423902179152654
2 0.5805296257351691 0.06731677300285811 0.09165631275401331 0.13463354600571623
2 0.7698854590698555 0.6077932685142065 0.14677318068726616 0.09744271857321785