2 0.17835802442513526 0.8271177441275052 0.24188494355406326 0.1771775801000249
2 0.16244782614656655 0.678066478688099 0.29401292794496664 0.2395699315119506
2 0.12328615554281205 0.4110320913827959 0.21236113466105583 0.18100126207419395
2 0.5028397686043216 0.11238662054574869 0.359945462791357 0.20558738809672597
2 0.7508655516366133 0.198589859658689 0.4185268330244426 0.3633831677218971
2 0.6519815852170592 0.4772484055811962 0.2772420901960187 0.2063027904457238
2 0.4207588670682247 0.4697384678010394 0.2706845553496283 0.2420129699126104
2 0.7024627017371298 0.733663541632858 0.35177086424263565 0.2396896034569899
2 0.8212028111704421 0.5134539932030684 0.3128373390148923 0.28694503668480015
2 0.8356026501853344 0.23546538552293644 0.2488095553496283 0.24137647241989288
2 0.7913764789486077 0.09106451616432201 0.25162204210278444 0.1431208288463836
2 0.1813540496528787 0.8756916364473734 0.20213296279135698 0.200995513327835