2 0.32734375 0.1401593523202524 0.1625 0.2360270472138723
2 0.46484375 0.1934803153473751 0.2296875 0.2946277734657618
2 0.71640625 0.27844466247654276 0.18125 0.21836911035393455
2 0.86875 0.7537239254895481 0.2546875 0.3570213576525115
2 0.65390625 0.8549128260824803 0.3265625 0.29017434783503937
2 0.44765625 0.7034167574689848 0.2140625 0.28903022084904323
2 0.546875 0.5076330915851471 0.21875 0.26430323663405886
2 0.20234375 0.6320976813865045 0.209375 0.34031970506402764
2 0.34765625 0.8311861707219865 0.265625 0.30453339448421424
2 0.5875 0.9224265497741211 0.225 0.15514690045175783
2 0.7671875 0.942685112843596 0.2125 0.11462977431280805
2 0.2828125 0.12115945236260468 0.178125 0.1900620998305908