2 0.253897362452199 0.1550071990879665 0.16068108133331244 0.22929486364988402
2 0.4039332512493998 0.1700525844494993 0.2005490647365729 0.2620728715585494
2 0.6762585371421712 0.18560069410786958 0.16612559793005205 0.19836319863085597
2 0.9182514166037061 0.625142060686322 0.16349716679258783 0.32683570851668764
2 0.774446999398522 0.819500850229649 0.29328193901162686 0.31413939034162974
2 0.5179341224241759 0.6920284021302657 0.17531226639624684 0.25792919961943905
2 0.5658467910908634 0.46594872178819846 0.20322377884380155 0.23570137254713258
2 0.2551497798927087 0.6886301239928263 0.17884093071325688 0.3250530326232447
2 0.45074939027031524 0.8499310854380825 0.2578646572680402 0.2784273834215476
2 0.7219032624707766 0.8913877790888416 0.2171194128671175 0.17240287650146513
2 0.9099151771887719 0.8851192385569314 0.1801696456224562 0.1681318705699663
2 0.20408661660138389 0.14920020946808984 0.16977081618646545 0.16424286661563353