2 0.8464532711424407 0.8101588385515562 0.23269739258219674 0.15473217313564333
2 0.8355489914051144 0.6616122111468945 0.26443207146044045 0.19483138347992934
2 0.8277144007227971 0.3930804659562179 0.2053912641334943 0.16937502649368782
2 0.40104792288534996 0.10836314854087196 0.33959584577069996 0.2005754411918106
2 0.1904899604245925 0.24215776206571754 0.35256723654387434 0.2992857597034648
2 0.322174808908826 0.5079960715916971 0.2735614099950513 0.19047126569391465
2 0.5475532671857118 0.47843509028083664 0.25792976594251654 0.2195585649682752
2 0.317717439505235 0.7651810890148923 0.3257037641334942 0.17357643157316377
2 0.16262274649349703 0.5585714465492881 0.26442542740790576 0.22446431977759856
2 0.11408126865604998 0.2870585450980093 0.19329405585660822 0.20638395317271013
2 0.12374511646291489 0.09945934137714504 0.20300324852966195 0.18332839908902612
2 0.8505542729514632 0.858650902253887 0.17594942559888338 0.17302581614940146