2 0.8581064445406842 0.25059189450276065 0.16779225768074618 0.2331068283578454
2 0.7112846524473092 0.23043544549812883 0.21189086817585512 0.26813028154634877
2 0.4452655393213646 0.18300276628120077 0.1738756577089811 0.2038287641334942
2 0.15152730475344423 0.5422428109449908 0.2610101786144942 0.3626106218899817
2 0.286446149251776 0.7993293718899818 0.32698378910960296 0.39878049525030157
2 0.5520417861964184 0.7057652368825587 0.2223579313159174 0.2873716044771271
2 0.5270362679923284 0.47702608321908546 0.22844133134415223 0.2580935402527761
2 0.8077604361540661 0.7635622060135784 0.22866811547443183 0.3422228787873866
2 0.6022678413027984 0.8631716652527761 0.2662899418392609 0.2736566694944479
2 0.33005891233536844 0.8782090877994417 0.23865078925077735 0.24358182440111661
2 0.14510778868608 0.8332020036180445 0.20758279977412109 0.24765400723608916
2 0.9067259550640276 0.25625539631178296 0.18353908404557515 0.1825269742194025