2 0.848511748079436 0.6940690615813965 0.2366412641334943 0.1638271924256241
2 0.8128309548859839 0.555256546456086 0.29501368611433315 0.23445785499341074
2 0.7598132547496984 0.3001741367169698 0.2137769742194024 0.17462833703942993
2 0.30031982530562773 0.1411779492613153 0.365728977837447 0.272357830792914
2 0.1599305206922149 0.35607221711710035 0.3198610413844298 0.3409805657657993
2 0.2960152691103352 0.5660734101318997 0.27882212008095947 0.19375104176169416
2 0.506520079150815 0.46878427791293 0.27313868611433295 0.2343305899662962
2 0.3360383242895749 0.8157643379231928 0.33030273292582973 0.19248852361132157
2 0.15413762833716083 0.6653063165513663 0.3028195420617983 0.2641817164297294
2 0.0865472523748492 0.42054378327568315 0.1730945047496984 0.23391243344863372
2 0.07538510232942067 0.2378221868664793 0.15077020465884133 0.20873062626704142
2 0.8617210770031084 0.7400719079906004 0.19897084577069996 0.19016243344863354