2 0.5748387649761245 0.20050639766363737 0.10979664065150559 0.10465405925034235
2 0.42878716579443105 0.284627681907662 0.14168155771188112 0.0790463054894186
2 0.3955902306778883 0.3618661318285198 0.19735120435383643 0.10876254922121245
2 0.5616815113479274 0.2861483809705899 0.12978175843752043 0.09587009263643723
2 0.5629959854872117 0.36048079123714666 0.1595238221398514 0.09829641066226813
2 0.7356125738691318 0.20987670064577352 0.16066965988879928 0.13110891066226812
2 0.7206720762313846 0.36897891600603744 0.1620486214142119 0.08119983887551348
2 0.7209696873939775 0.42764086216597147 0.13779266587924913 0.05708037727617317
2 0.7184696807705555 0.4768368801126601 0.10476191106992569 0.049875631037097
2 0.7116641200634495 0.5149590057394807 0.09963790145127885 0.03723923871722903
2 0.201383807457427 0.9067741518867795 0.11813493030721937 0.07523934389007855
2 0.20610857922660947 0.39076270698048676 0.1418998125212045 0.0852963054894186
2 0.0881596103599847 0.8346598079967011 0.13365080290255765 0.07256898495630501