2 0.18554755003934095 0.6427928910659254 0.12069454827463008 0.1263707945496865
2 0.24260666116753532 0.481217404401845 0.12731588887180562 0.17662588606495558
2 0.31761773282317585 0.4430634422835718 0.14956222946898112 0.22815643515657005
2 0.2728618797407532 0.6250629992510939 0.12255197921687966 0.1529332945496865
2 0.35116719620061365 0.622910310011638 0.14258025595208465 0.1949612978836665
2 0.22792571019847005 0.8155925333397989 0.1528621920901143 0.1864791181871083
2 0.3941080850724193 0.7926487251643287 0.12070525595208484 0.1931756572767828
2 0.45606178185411056 0.7899380554697102 0.08258254307885018 0.15899210485118864
2 0.507023348313971 0.7855533154716497 0.07203852698730664 0.11929187606301586
2 0.5459930131646772 0.7763057322913305 0.06724176634364483 0.11734673879011233
2 0.8528568382513871 0.21021718624383184 0.09522465471124733 0.13982751666989943
2 0.3079374581816577 0.23797732955647538 0.1320033888718056 0.17700852333785919
2 0.7537694922063298 0.11512821366457696 0.11066398441265975 0.11623052000387935