2 0.6766887232654204 0.21924352365163408 0.10516928903121983 0.08707818874502422
2 0.5407694039835796 0.22165755232054618 0.1271170119038567 0.10046952669174572
2 0.5137619972695255 0.164959224753948 0.1302420119038567 0.1005968606841345
2 0.3875722019917898 0.1060537514456937 0.08958065046753827 0.09269151878308031
2 0.4082568858332071 0.17550674699706942 0.10986587939029935 0.08883168973360744
2 0.42812395823830574 0.25124157604654235 0.10963862041330899 0.049769189733607444
2 0.2405335755283567 0.14016344908796652 0.1679056383672898 0.1302498685927999
2 0.2660739310127468 0.18051919365075902 0.14406816256778665 0.060544863649884026
2 0.2876307684449602 0.23431535570403755 0.13780907220870703 0.058727695665106515
2 0.30380975946796973 0.27270935224399645 0.17874314441741398 0.11350803756616061
2 0.31203534992524523 0.33564043376492736 0.09728406615858276 0.07425985376405234
2 0.31330695843469747 0.3855767667687329 0.0988920179539809 0.08213602076024662
2 0.8082144165748073 0.5692687454770136 0.11757838544042362 0.07196252471457924
2 0.7350809227231274 0.6542605108000528 0.1113829275949012 0.08108285672980173
2 0.8288980586545304 0.907408074032195 0.0799420300542291 0.04699701680591417
2 0.8072048658361226 0.8770494119789165 0.0815136204133089 0.04862318380210837
2 0.15874009475888382 0.908158715399589 0.042451120413308896 0.047031508897248386