2 0.2699285611721335 0.3271357981398334 0.07859639077317437 0.10400226099766208
2 0.2395306529861046 0.45817231058738805 0.09709408525525039 0.13030465186945542
2 0.1777333378572422 0.46996099295103005 0.07949714947960165 0.12118976099766207
2 0.09050557553277032 0.5778667361025528 0.09373006784239583 0.09581125269929239
2 0.16291284204111373 0.573156847930052 0.07407266508343388 0.10677206348717298
2 0.23988477781676246 0.57114590726804 0.04635710085908258 0.11245337842423861
2 0.08675537652813851 0.7242564840279604 0.11756371551297518 0.16453794191141177
2 0.13300957881213066 0.7097213099626881 0.05268234396167766 0.1440585759347277
2 0.1899146760531687 0.7014836800885569 0.05062852103089917 0.13456517676456467
2 0.23029069256151208 0.6943466089277142 0.07734815128862396 0.169272063487173
2 0.2934900554063823 0.7007042753193164 0.05754690637700666 0.08840057178554268
2 0.3416409503634282 0.7098433995943703 0.06724945499752569 0.09536096680652087
2 0.6394841446183616 0.279841203957981 0.06362648801421233 0.11531826929603187
2 0.7038531818189199 0.36864451744515403 0.06305327792830404 0.10438076929603195
2 0.9714810950933316 0.33558817678778663 0.03345430913596843 0.0741245842330974
2 0.937027529964469 0.34944884462928155 0.041512470601357876 0.07940408008391256
2 0.8078513692920494 0.9734172956642556 0.042672178878243726 0.04214087842423879