2 0.2828125 0.31171875 0.0625 0.0875
2 0.2625 0.43828125 0.071875 0.1109375
2 0.2046875 0.45546875 0.065625 0.1078125
2 0.12890625 0.565625 0.075 0.075
2 0.196875 0.5546875 0.059375 0.0921875
2 0.2703125 0.54609375 0.028125 0.1015625
2 0.13515625 0.70546875 0.084375 0.1390625
2 0.17734375 0.6875 0.0296875 0.1328125
2 0.23125 0.67421875 0.0265625 0.1265625
2 0.26953125 0.6640625 0.0578125 0.1546875
2 0.3296875 0.66484375 0.05 0.0796875
2 0.3765625 0.66953125 0.05625 0.0828125
2 0.63125 0.23359375 0.04375 0.1015625
2 0.6984375 0.3125 0.05 0.09375
2 0.96015625 0.2578125 0.0453125 0.06875
2 0.91875 0.2734375 0.03125 0.071875
2 0.8375 0.878125 0.0375 0.034375