2 0.7078198263391011 0.30952035722898835 0.10023934389007838 0.12126732622365459
2 0.7578007574553404 0.44579876244830796 0.11985316191590947 0.15204688936371685
2 0.8244570600417651 0.4582602360693615 0.10864287727617317 0.14203485253201395
2 0.9322133872387962 0.5698263386013754 0.09969377461060631 0.10251732622365459
2 0.8548923692921075 0.5661028281486189 0.08760295157021006 0.11585178413027997
2 0.7737787616119756 0.5660580545416828 0.06443823620994635 0.1238617052052021
2 0.946794403965097 0.7240889043722735 0.10641119206980605 0.17575740514873245
2 0.9066631209414602 0.7102847386296103 0.06847251834239998 0.15529371572854594
2 0.8448307106749035 0.7027837807935722 0.07146112602253182 0.15078822625188942
2 0.8009443183550353 0.6955481334667605 0.10692726458147642 0.19029034200867018
2 0.7364870132613281 0.7050526651073787 0.07956313103709682 0.10758425782192056
2 0.6868734581676209 0.7154217467338796 0.08585859514371955 0.10951077886860787
2 0.312743007059629 0.26779152865684647 0.07220527210332381 0.12275423151356132
2 0.2570362278301692 0.36359758134415215 0.07992684389007838 0.12008425782192056
2 0.02185724577685789 0.34912003946253883 0.025892561757624777 0.08574007892507769
2 0.23257136922560045 0.9904345551769673 0.04617631802583091 0.019130889646065442