2 0.6569048637792997 0.7129445802824899 0.10930556733052796 0.09492972376899793
2 0.5230655771188107 0.7152551153155683 0.13970239546082902 0.11731817599857094
2 0.4960963385515562 0.7727451872233104 0.12989088584218217 0.10416261213660043
2 0.36901797257963986 0.8341029403254036 0.1002579495445131 0.10364915990702742
2 0.3932615152305785 0.765839259383154 0.11404763103285873 0.0968200056999832
2 0.41494305307219365 0.6914894694063971 0.11462798439090345 0.06880426634364482
2 0.22713800742603016 0.8079988982549597 0.16837303248413757 0.13490986758448215
2 0.2531176648677588 0.7670243369908792 0.14620536660488848 0.08036447921687966
2 0.2770710308396751 0.7128777863704606 0.13990080290255769 0.07836493664223276
2 0.2937575338349 0.6749025389683506 0.17353175843752044 0.10409691015912906
2 0.3041295494439966 0.6130909538190569 0.09453373920022683 0.07363387797604233
2 0.3079068246717401 0.5642710415662406 0.10111112141421189 0.08344592055068922
2 0.7998066040758347 0.36462777655997813 0.11646330290255769 0.07672602698730664
2 0.7312078822988031 0.284060473593771 0.1153918762235353 0.09067926634364491
2 0.8341418762235353 0.028579741992665608 0.08176092068857263 0.057159483985331216
2 0.8111780913771451 0.062316877548713866 0.08461310217691817 0.05735331411407194
2 0.1766741166048885 0.05812993823171655 0.04376984736759484 0.04826253737886685