2 0.6540580480340783 0.28638897793711743 0.10397209765100221 0.08635914065150559
2 0.5229671724072575 0.2763368769413256 0.12924488229073816 0.09660715988879928
2 0.5003851302456741 0.21924113955519728 0.12276756175762475 0.08857640507947595
2 0.38110994451058133 0.15251245262455596 0.09321645407749282 0.09222719473518967
2 0.3979049879258061 0.22035471705252624 0.11022209765100204 0.0865773954608291
2 0.41451817491454007 0.2944469814804965 0.10743206677218975 0.04433533175849824
2 0.23902173291124118 0.17101193756361352 0.15465405925034229 0.11154267912609299
2 0.26129989819236277 0.21167414309857638 0.14405152837152996 0.06902779691210788
2 0.28006661856719167 0.2655084712288775 0.13573892319868044 0.051567478400453656
2 0.29379649795493595 0.3043080764010206 0.17138691818411553 0.09651787985173241
2 0.29829612984996273 0.364682581210344 0.08927310015828453 0.06399306733052797
2 0.2984265104913483 0.41395589491267487 0.09267088479802066 0.07347719473518968
2 0.7667121945770884 0.6344222285700896 0.11119356426490726 0.06631945916315996
2 0.6925639892459543 0.7100372982628702 0.10673338479802066 0.07396826805616748
2 0.774193107813146 0.9683643865175634 0.08302310015828454 0.06327122696487315
2 0.7534092463720903 0.9303522874630972 0.07939799498543501 0.04647818511654265
2 0.13017633485189237 0.9015501202330857 0.041852530878812376 0.04360615626060209