2 0.6106402408532157 0.6815392343688707 0.1060383576783142 0.08785042848861017
2 0.4810827954173191 0.7006555093737198 0.13030465186945542 0.10070111485312835
2 0.45494542529145016 0.7586911499806034 0.12694285352912935 0.09732102333785911
2 0.33272596055952175 0.8346633318031934 0.09749215186945541 0.09802265394280303
2 0.3550046248765318 0.7660728284692135 0.10892655933798814 0.08498052000387943
2 0.37535393628911234 0.6922048937716856 0.10596658008391255 0.045918020003879435
2 0.19424380101639643 0.8281099271114843 0.1614129419114117 0.12187448424818462
2 0.2191971794406351 0.7856992865046009 0.14117037427505377 0.059661526671839125
2 0.24197275122617792 0.7310437374129866 0.13241068091374952 0.04652379788366652
2 0.2580955813100905 0.692459598473093 0.1685383576783142 0.09295225879399176
2 0.26740064894644844 0.6311394612001894 0.09403526514684701 0.07289510818516849
2 0.2701713740513392 0.5843282340790066 0.09763386182749904 0.07940019970043757
2 0.7452226087039995 0.3297060542132705 0.10894987012586874 0.06479556576151388
2 0.6774090692867432 0.26148195482209363 0.10821616431700995 0.07560552000387935
2 0.7750699323636421 0.014661644001206491 0.08094326929603195 0.029323288002412982
2 0.7532415539394035 0.039447716031981286 0.07795997925407558 0.04518469636645769
2 0.137829118876469 0.11763442590353641 0.043821777594401645 0.04550368969849794