2 0.5432677954596381 0.7243253219702154 0.1663807508107789 0.13854168874473985
2 0.6929132394532838 0.7393997065464533 0.10344437418757338 0.11135914065150558
2 0.7988223202164045 0.7552206247879549 0.13702053327818292 0.1562549784004535
2 0.9179717406710998 0.7729215015596445 0.10733303327818292 0.15521826805616748
2 0.5208143226520365 0.8476909001005165 0.17594666558343128 0.1498065709587248
2 0.33578039813685623 0.5340351717848808 0.12841710064862308 0.11066965988879929
2 0.5323804829571668 0.3639880226958548 0.11898755357072233 0.10721727767481415
2 0.635228793427748 0.33150785019318374 0.13806483603812653 0.12662204210278444
2 0.46074699066780445 0.30793148485423955 0.1152079886359143 0.06960815027015244
2 0.36107604748493777 0.15838040735691059 0.08269549756436803 0.08564981252120449
2 0.2616817938314898 0.04321923194383266 0.10788641233702041 0.08643846388766532
2 0.31767664935137685 0.09509172287333997 0.11408186525911974 0.09455358656782162
2 0.21445441761532144 0.23845483167368017 0.1363659683433748 0.11875497840045357
2 0.08770100284266907 0.2538119915624795 0.1049796006486231 0.10985120435383644
2 0.033974210636032356 0.42433531188823237 0.06402731818121904 0.08968254809323425
2 0.12868233319875272 0.09778768085537352 0.1144091477265238 0.11330358656782162
2 0.3095509090939048 0.4264235684268363 0.11915119480442442 0.11659227767481414
2 0.2503998258951521 0.32620780281773964 0.11558981818121905 0.09148315027015244
2 0.17382191477594766 0.46395582867845525 0.14148984496658024 0.1439186695074462
2 0.7934023888046606 0.842075784043782 0.157613676947517 0.08358137023308565
2 0.42308907792374695 0.22882682741251092 0.13927278003177204 0.10636410580511528