2 0.5914796576383939 0.29970666666531354 0.1752869682887946 0.14782442559888348
2 0.7405618997458862 0.30518313998020485 0.1141828683170294 0.11502521370395291
2 0.8472746313300347 0.30532366010659284 0.1416400103821694 0.15852290818602893
2 0.9543150446536235 0.30287144674132427 0.0913699106927531 0.16157266508343388
2 0.578775989335482 0.1752013116223594 0.16987142619541978 0.1350787641334942
2 0.36845022326811777 0.4554742305509805 0.13118835779368573 0.11280097241038015
2 0.5503280967762318 0.6495971240376883 0.12962585779368574 0.11271908525525039
2 0.6511772362105359 0.6961622648108627 0.14129139988706055 0.12579229534115868
2 0.4742430098880591 0.693899322703636 0.12164675782192055 0.08270403663473154
2 0.36359247817685375 0.8267383989137747 0.08772678413027987 0.0887150192218769
2 0.25479287280224244 0.9378662494341732 0.1041708314853265 0.1035963907731741
2 0.315488178120384 0.8834111227944931 0.10951077886860805 0.08829893939369313
2 0.22389367036905056 0.7282898535726161 0.13945588410204496 0.12102290818602893
2 0.09895458355146505 0.6960395183173658 0.10279034200867018 0.10663950361804453
2 0.059992252136725745 0.5218683559474653 0.06447129465362353 0.09061171189493056
2 0.1276318623494859 0.8540943577564875 0.11390985253201391 0.11033771370395291
2 0.3338770731692957 0.5572514145176071 0.11721686305535757 0.11362648801421252
2 0.26594539150044255 0.6479339682265086 0.12733531570031092 0.10013719810012063
2 0.20141391268830428 0.5027985306418377 0.13889444198043535 0.13812852103089918
2 0.8484738393072471 0.2189324587271119 0.15914675782192056 0.08466932835784542
2 0.4302192650791438 0.7671420708946136 0.14148882096198284 0.10243668249628843