2 0.6737310295038925 0.5769201059039135 0.15872109456891897 0.17828972668681722
2 0.6488157875375746 0.7232047599061406 0.12383088410204497 0.11542610001590851
2 0.6364229323747248 0.8287462352403224 0.16434946828879457 0.14088063335454457
2 0.6172795482726798 0.9429541859086861 0.16354583148532634 0.10027381468809012
2 0.7950144953030256 0.5856582118873688 0.16202810509226245 0.18145108935390813
2 0.5506098608480446 0.33164506325591264 0.12161593671876361 0.13101473734881744
2 0.3414106241433986 0.4785126146165023 0.1263034367187635 0.1310692813494537
2 0.28452431633559544 0.570518848623502 0.13640647881213824 0.14367836935072642
2 0.3086884003811707 0.396917716621593 0.08504139988706054 0.11965906667727219
2 0.1945943502541138 0.2647421106381377 0.0975568104386391 0.09326019867918127
2 0.10123002908036952 0.13857105665181887 0.11390985253201387 0.10594201201463571
2 0.14639904493597222 0.20752959464513734 0.11169490514873237 0.1215306493475448
2 0.3070705054028462 0.14320237062382016 0.125013952503779 0.13573860001590837
2 0.3531026131965319 0.03887050131286458 0.11254477360693613 0.07774100262572917
2 0.5265324079207426 0.02453473396722878 0.09381018415851479 0.04906946793445756
2 0.19736084741151638 0.04449433999045498 0.12402830517696724 0.08898867998090997
2 0.4576102897448875 0.2796382152689575 0.13089993145709156 0.12956132535009016
2 0.3795755659826597 0.19857057594686608 0.1039734104104042 0.12300224267981759
2 0.527072192262784 0.15937971192713973 0.15708299985882573 0.15016472668681727
2 0.7190156244963345 0.8449610338956411 0.1014700366905286 0.16044769867918127
2 0.2439958398013573 0.34145860463081984 0.11921897881213825 0.1434783746817266