2 0.6165284914016205 0.7765912947213008 0.1735424577654509 0.14655123226282818
2 0.7672565334949952 0.7987037314876357 0.11114887357870132 0.1176461798265045
2 0.8750613282192061 0.8188438556386142 0.13511699459715382 0.15498549352159507
2 0.9738059457149276 0.8414476457364366 0.05238810857014471 0.14643251387966066
2 0.6097009097045325 0.899908878774457 0.16500191567207612 0.1335505845145814
2 0.38299711263183456 0.5756040838962726 0.1259548262236546 0.10458497532299767
2 0.5580517785862593 0.4140319355297171 0.11796031570031093 0.1009593275747512
2 0.6576121628294787 0.38616535625692305 0.13476838410204497 0.12227312307124434
2 0.47908534442774464 0.35448815237172504 0.11944722099021768 0.07303458667404979
2 0.3602835945689189 0.1989915191214479 0.07955026308359248 0.08293121838316742
2 0.24431841837349916 0.06547001542082012 0.09948333148532651 0.10444527297895925
2 0.30894163147120907 0.13265631785714366 0.11621580517696728 0.0977341980251018
2 0.22287387080669102 0.27191098010335973 0.13752936305535757 0.11622338217054295
2 0.09892043131591728 0.281869366131414 0.09957433674699834 0.1060077729789592
2 0.06591675746898476 0.4502095535160577 0.06603379465362355 0.0914050524363235
2 0.11868065251789646 0.12669051279992644 0.11547235253201386 0.11169656847545247
2 0.3423882522073129 0.46636998380398753 0.11051183674699834 0.10670867982650449
2 0.27011216282947864 0.3613332279438914 0.12411931043863911 0.0997973457733484
2 0.21106963374910914 0.4968714073089706 0.13062691567207602 0.13134773442229636
2 0.8809388728728296 0.9063939204134389 0.1554757262518894 0.07690006631598437
2 0.4314753260824803 0.2720470897563687 0.14488683674699826 0.10891152991878954