2 0.3453125 0.040625 0.04375 0.05
2 0.38984375 0.04921875 0.0328125 0.040625
2 0.40859375 0.13046875 0.0515625 0.0828125
2 0.45546875 0.1328125 0.0546875 0.08125
2 0.515625 0.1390625 0.0609375 0.0796875
2 0.334375 0.22890625 0.0515625 0.10625
2 0.38828125 0.2359375 0.0546875 0.09375
2 0.4421875 0.2421875 0.0671875 0.0984375
2 0.5078125 0.2453125 0.0640625 0.1078125
2 0.26015625 0.35390625 0.046875 0.0984375
2 0.21015625 0.3421875 0.0484375 0.0890625
2 0.246875 0.46171875 0.0515625 0.09375
2 0.3125 0.3640625 0.040625 0.0921875
2 0.59609375 0.2671875 0.065625 0.0796875
2 0.70703125 0.04609375 0.05 0.078125
2 0.91484375 0.03203125 0.0703125 0.05625
2 0.86328125 0.50859375 0.06875 0.08125
2 0.86953125 0.621875 0.0578125 0.0890625
2 0.79765625 0.61484375 0.0734375 0.0859375
2 0.81171875 0.73671875 0.075 0.1171875
2 0.85 0.95703125 0.1234375 0.071875
2 0.5578125 0.83828125 0.0578125 0.0515625
2 0.55703125 0.621875 0.0515625 0.071875
2 0.63125 0.4859375 0.078125 0.0828125
2 0.75078125 0.49609375 0.046875 0.075
2 0.55390625 0.475 0.059375 0.0890625
2 0.45 0.56640625 0.0484375 0.075
2 0.47421875 0.47109375 0.0484375 0.06875
2 0.3640625 0.46640625 0.0515625 0.084375
2 0.390625 0.56171875 0.071875 0.065625
2 0.196875 0.6109375 0.0546875 0.0859375
2 0.02734375 0.37578125 0.0359375 0.1078125
2 0.0765625 0.3546875 0.0390625 0.0859375
2 0.5078125 0.8984375 0.059375 0.075
2 0.57578125 0.91796875 0.0515625 0.0875
2 0.5046875 0.6046875 0.0515625 0.090625
2 0.4421875 0.8859375 0.0625 0.0671875
2 0.38125 0.86640625 0.0546875 0.078125
2 0.209375 0.85078125 0.0421875 0.0796875
2 0.0578125 0.746875 0.08125 0.0984375
2 0.0328125 0.6484375 0.053125 0.075
2 0.03046875 0.846875 0.053125 0.0765625
2 0.0234375 0.13046875 0.046875 0.0546875
2 0.0375 0.05625 0.059375 0.071875