2 0.9346851233979464 0.764249751374742 0.06769842068857272 0.059756795081343836
2 0.9362277760303517 0.7189190706565828 0.05314484736759475 0.04561248184962743
2 0.8606176516209147 0.6795071127128647 0.1044543762235353 0.08340337334017515
2 0.8683830224021547 0.633358820558387 0.1013293762235353 0.08338519262201594
2 0.8764112880112511 0.5723622332243694 0.10305556733052797 0.08808178298109545
2 0.7458483126908406 0.7270593444642962 0.11991568511654283 0.07880677693097127
2 0.7509698331092606 0.672330937848438 0.10903274881887377 0.0803056444174139
2 0.7576538535276806 0.6175934408735 0.11733632213985139 0.09441359621281205
2 0.7694519598809502 0.5526678776417835 0.13000001324684404 0.09917381908544912
2 0.6058334371002774 0.7677257719610017 0.11361112141421188 0.07720791549465282
2 0.606098821128361 0.8200786123200812 0.10574405771188111 0.07559996369925485
2 0.4966940500769688 0.752732551917035 0.10741568511654283 0.07873405405833438
2 0.6078572393698629 0.7137967960633026 0.10396330290255769 0.06934087334017516
2 0.7685764514434297 0.4604667421031641 0.10311013103285874 0.08964428298109546
2 0.9815476442797028 0.40839011593431856 0.03690471144059444 0.07841589149054773
2 0.5908482332097771 0.13721611534514336 0.10483632213985139 0.09434087334017516
2 0.4802182680561673 0.10191494048071661 0.1108135036281972 0.08656473477649361
2 0.4710094483633867 0.17385811817381375 0.10801588584218216 0.09592155405833439
2 0.3538021009957919 0.12921830474570545 0.14449902286549082 0.1117556323171656
2 0.14800347958157994 0.05441933440715128 0.1116319591631599 0.10883866881430256
2 0.195116614875608 0.35128017798768474 0.07131449400955021 0.07383747579950324
2 0.4088542218618496 0.4078609343323965 0.0900644940095503 0.07394656010845857
2 0.5599157248570745 0.3702558743221338 0.10979664065150559 0.102180644417414
2 0.5776166016287642 0.25059735929501914 0.09318949400955034 0.07396474082661779
2 0.5532689099736173 0.4484354164766115 0.11097719473518967 0.09125223477649361
2 0.4395908450901601 0.527237648228043 0.0915178666048885 0.07083065046753827
2 0.5388368769413255 0.5274416604264873 0.08365080290255769 0.06922269867214012
2 0.5192188361044854 0.6369530158126816 0.09787699400955034 0.07399201190385671
2 0.43072676577873265 0.5866762807416004 0.08425100362819701 0.08641019867214013
2 0.33767371414211933 0.7638160185431561 0.10272818511654283 0.07870678298109546
2 0.5294693776591157 0.9752433561717613 0.12027778366526398 0.04444086729005079
2 0.5628895128683258 0.9476996182720097 0.09754961179556502 0.06461701190385653
2 0.1251959844757214 0.38528753932580734 0.0982589399258662 0.08492951190385671
2 0.12036958601966745 0.31420742486442677 0.1059623125212045 0.08184996369925476
2 0.41394351514576044 0.4640927536142373 0.10908731252120454 0.0818681444174139
2 0.12210075552711361 0.45328810558258603 0.09039187622353535 0.08332156010845856
2 0.1274628673226787 0.5173324248644267 0.09480655771188107 0.0755363311856975
2 0.10380465643023828 0.6901613916869395 0.09458830290255764 0.06928633118569749
2 0.1716345410912941 0.8648023225032947 0.1273660865678216 0.11321813836729007
2 0.26403286141704696 0.9150563316766768 0.09480655771188111 0.0755363311856975
2 0.07163454109129413 0.8653841054843902 0.08532243030721938 0.07235678903121964