2 0.05887407533881137 0.5288740412157067 0.10513525025210155 0.08160042848861018
2 0.07169078561415601 0.4804205657615139 0.10390053218308674 0.08616038273097573
2 0.09090496136062542 0.41913225045904196 0.10255655347041022 0.08915783697334109
2 0.14534181704093813 0.6294317637949616 0.13090007475773371 0.09457866061076281
2 0.16406431989092973 0.5751746984924896 0.11618201089576327 0.08405574879205205
2 0.18284145306275218 0.5201363831900176 0.12686813861970414 0.10357102333785928
2 0.20014892138386853 0.4524067492510939 0.13624313861970413 0.10433629788366652
2 0.25888015713391055 0.7361277871328207 0.12086951089576328 0.08443838606495557
2 0.23579793621490416 0.785314715162389 0.10604218639013112 0.07235297424624498
2 0.36852295490433756 0.77493480880369 0.11618201089576327 0.08405574879205205
2 0.2813996493402405 0.6837520862244352 0.10705838317182241 0.06466802000387943
2 0.24309552807258744 0.36634157455550553 0.09932229282674851 0.08734024545807202
2 0.050967648254959655 0.2037306489418332 0.06708894703379287 0.0707268303053814
2 0.5532728294493107 0.14416265411198093 0.10989915990702759 0.10529302000387934
2 0.6728751352655093 0.16413992744984013 0.11349405347041035 0.09005065727678292
2 0.650497754691577 0.23695567411586022 0.11458665990702759 0.10567565727678294
2 0.7807479834042536 0.25073074487834396 0.14972648441265973 0.11941916394474268
2 0.975880166944393 0.25801644170384364 0.0333802185732182 0.144100686364518
2 0.8297218069014795 0.5391552582142636 0.0657449683211162 0.07372428454774678
2 0.6037820197747141 0.48928357759962127 0.08896394703379293 0.07251247091226495
2 0.47863419032540355 0.3800684610795031 0.1083366599070276 0.10516547424624481
2 0.5154454114965115 0.2581455347169247 0.09532320767745457 0.07458515394280311
2 0.45040564749865497 0.45790654759380234 0.11204081411407199 0.09148561151914833
2 0.522242806649378 0.587912654111981 0.0969949683211162 0.07627519970043757
2 0.4280993227409214 0.5409423171386397 0.08249542574646936 0.0688772878817268
2 0.39902954575361466 0.6532829494105735 0.10680701089576328 0.08329047424624463
2 0.5046457612247395 0.6485472651720874 0.08904035668871887 0.0958224251546305
2 0.5133330743304052 0.8613979515366055 0.10847877153942491 0.08498052000387943
2 0.22922623607901818 0.9740509432619987 0.12569912252816068 0.05189811347600255
2 0.21882396764168627 0.9269282592530337 0.10447968639013112 0.07222542848861017
2 0.881656011476841 0.6054656554891068 0.09932229282674854 0.0873402454580722
2 0.9154243601197882 0.5382940020053457 0.10971348960843982 0.08042056576151388
2 0.5743405382120461 0.5395228225986515 0.11316627153942509 0.08536315727678297
2 0.8543015537993863 0.670803742003406 0.09172831411407216 0.08982751666989941
2 0.8195716386965787 0.7292540997295326 0.09710422896477802 0.07783769970043757
2 0.7656550449973101 0.9047803871522173 0.09288662252816078 0.06195760818516831
2 0.6248283131825403 0.9890454930421761 0.12701025025210164 0.02190901391564779
2 0.0037984452690820484 0.923437371062046 0.007596890538164097 0.05210437606301568