2 0.5199342124624253 0.7674209464848039 0.1466915314288567 0.16823162697434596
2 0.4019878492658934 0.7989292103822511 0.175908594568919 0.18911281203728053
2 0.3992632096198279 0.962715332783205 0.18671031570031094 0.07456933443359012
2 0.2185970385449057 0.978634485477853 0.21679265785015547 0.04273102904429393
2 0.9499291944700969 0.7035560041724068 0.10014161105980612 0.15381392946385705
2 0.9587357760965978 0.5638189979486296 0.08252844780680454 0.07078794191141177
2 0.7167350758001316 0.594105536116486 0.12568181043863902 0.10130423610255282
2 0.35617367626600693 0.07910196245684342 0.11447129465362353 0.09578794191141168
2 0.23957771046687398 0.08037827469461663 0.14544827886860795 0.09346842531467217
2 0.12260231306947503 0.1018486877622268 0.12833637357870126 0.12017263527271589
2 0.26003369461127124 0.15115271598132837 0.12806335779368574 0.1154851352727159
2 0.16082962613895005 0.1973038203356503 0.1543374314570916 0.13925452199532423