2 0.606830452709374 0.7067700912428424 0.1444643065307547 0.155496541958086
2 0.7232912664117048 0.7076553594914109 0.16208831614940172 0.1680965359079618
2 0.801550219584415 0.8900497029737485 0.18018355172143147 0.14945562021691713
2 0.9311830896478647 0.8649764592202643 0.13763382070427072 0.13846357806243964
2 0.15388899118396135 0.7594153857350111 0.19435517912609304 0.1526624334486339
2 0.11439492684865833 0.6354011688143025 0.13058036660488853 0.07105790944452864
2 0.3664013709508758 0.6018972806434044 0.12218751324684388 0.09912836729005096
2 0.49358879809323425 0.061254620806092376 0.13092759618646851 0.12250924161218475
2 0.5994295703257528 0.04926316003370384 0.15510914065150558 0.09852632006740768
2 0.7134647884745874 0.04812284085005894 0.1363045769491748 0.09624568170011788
2 0.8801884970047752 0.03429162412574206 0.09162699400955035 0.06858324825148412
2 0.6127951550794759 0.11677180513848891 0.1110863221398514 0.09437723477649361
2 0.7196453558051153 0.13334116072107488 0.1466071598887993 0.1273897226762452