2 0.7866587325748224 0.6580695798846868 0.11698860001590852 0.1198787017473613
2 0.7639366585375968 0.9327429247744436 0.11335452267663584 0.07605596656499998
2 0.2530933492600488 0.5338067298640276 0.11667951734563582 0.0933162017473613
2 0.15448257924891298 0.6181109543128123 0.10848520934118148 0.06032186379145834
2 0.0474818853039559 0.46914873708222216 0.0949637706079118 0.07732752583555573
2 0.9247165473026833 0.2041970846343395 0.13061474801081766 0.08270601006798621
2 0.5908949832909111 0.2986621315557981 0.1293431493475449 0.10766964247680563
2 0.9820188752785025 0.3809401161694783 0.02451019867918127 0.09273301386770835
2 0.3686990732415952 0.6670166605254858 0.06958634134309047 0.07347517401194459
2 0.349114373925867 0.5378201230064233 0.08980793467536322 0.06613545269729179
2 0.1536495219605473 0.28697005708635404 0.08962612133990877 0.05051045269729171
2 0.23421553258277655 0.612349957162604 0.05537839067472685 0.060647865691319504