2 0.587217158453219 0.797350420592602 0.1194990228654909 0.11632282092583353
2 0.8604289691603249 0.7717319522290211 0.07725695916315978 0.11279540653397539
2 0.4335391531805593 0.26825146381095766 0.10102184137714505 0.12326202564056317
2 0.5113045438320649 0.17014575764848588 0.0583432680561673 0.107234611248705
2 0.3569022752277434 0.06513927233079428 0.07029763103285873 0.09219180810555187
2 0.1431248741549828 0.9392123573197637 0.07473215988879933 0.12157528536047266
2 0.21905497941194393 0.606483402190749 0.11708335099579185 0.1364897717116218
2 0.3234919312338917 0.9900535734070328 0.09495040145127884 0.019892853185934457
2 0.5727702895708957 0.3819415903611436 0.07098711179556502 0.06726458271265771
2 0.4434920173383771 0.3641825479713574 0.06555556733052796 0.09041098428423426
2 0.1833060294040947 0.17364947745980874 0.057852194735189634 0.09317211124870503
2 0.5101388587155222 0.24834353225559172 0.061284729581580065 0.05745293507002262