0 0.9405281737044013 0.5083651938348124 0.050490923701106284 0.031037168373499215
0 0.766899758931749 0.509201109789237 0.04415910308425523 0.0259856473268119
0 0.7540588396948698 0.5280043176958623 0.05040910308425506 0.026349668373499214
0 0.6852622008967997 0.6162785914439729 0.04572160308425506 0.02607665258848364
0 0.4279423989476351 0.43862621537561 0.034675008928453724 0.019189615756780753
0 0.42703841802235853 0.4456119627447741 0.03933523538950343 0.017900131541796326
0 0.42369522971075585 0.45792995222143035 0.02368296185055314 0.015427578925077689
0 0.6538327431034364 0.4455264756871921 0.03790910308425506 0.02562162628012423
0 0.5384281112052253 0.6053803468468191 0.03621023538950343 0.017718121018452493
0 0.5164849273578493 0.6080125231834131 0.04095228246740419 0.021116136803468067
0 0.5209951493546722 0.6184417889684287 0.022065914772652385 0.012211573663405773
0 0.7075520324706994 0.5041804098457069 0.036292056006354476 0.022405621018452494
0 0.7637883957012243 0.5082378492658934 0.020503414772652384 0.012120568401734033
0 0.33736799188562044 0.3856461575678068 0.04097955600635448 0.022678636803468065
0 0.2754856006519184 0.39142644973176877 0.023682961850553054 0.015427578925077689
0 0.31831225446752215 0.4916763496894164 0.03933523538950343 0.017900131541796326
0 0.2951026254086847 0.4324532681335028 0.015761367694751716 0.008722552616718459
0 0.298091257713933 0.44044777865684653 0.022038641233702094 0.010649073663405773
0 0.2825617151002592 0.434068976040128 0.018913641233702094 0.010467063140062117
0 0.2856048944834082 0.43893848656347173 0.023628414772652383 0.012302578925077867
0 0.31130827800647254 0.48970432601189307 0.017351141233702093 0.010376057878390198
0 0.1744140243530245 0.3573861077230986 0.015788641233702005 0.01028505261671846
0 0.18377538758354936 0.3587133892931297 0.031468188311602766 0.014320105233437009
0 0.18213106696669834 0.3633098840314578 0.03623750892845377 0.019280621018452494
0 0.20712138433713845 0.4101239708490434 0.026726141233702073 0.010922089448421346
0 0.1791270235422456 0.49060813140062187 0.020476141233702005 0.010558068401734034
0 0.17727815138326705 0.50692337613895 0.03774546185055305 0.01624662628012441
0 0.1771690572274657 0.5131733761389501 0.03462046185055305 0.016064615756780753
0 0.1503083226487412 0.3943022787980208 0.03618296185055305 0.01615562101845249
0 0.14863672849293982 0.40046127353634897 0.03621023538950343 0.017718121018452493
0 0.12478617126876942 0.37795694198043533 0.03618296185055305 0.01615562101845249
0 0.12547196388244325 0.3834711946112712 0.03146818831160272 0.014320105233436919
0 0.039842381090727595 0.4504319104809914 0.015761367694751706 0.008722552616718459