0 0.7665077147916947 0.9874107696385976 0.023732430942249395 0.02517846072280463
0 0.7656821781691325 0.8098959437236992 0.025622712873234654 0.03206845553496285
0 0.8177749198712594 0.9049108325611066 0.02373243094224975 0.02732639183263217
0 0.8282810951135255 0.9888653868340495 0.025076409654926125 0.022269226331901138
0 0.8485389647916947 0.9884524418247829 0.023841691585911207 0.023095116350434354
0 0.03359094400857432 0.8187896947351897 0.027512994804219905 0.036810519237293705
0 0.7528315249704943 0.5008830422724205 0.02238845222957302 0.030396828130301045
0 0.7647791399570865 0.31882451042125504 0.019700494804219915 0.03653770072563942
0 0.795296438483818 0.12879971114689445 0.016575494804219916 0.03642857332097771
0 0.8025080049436785 0.13766627965854875 0.012576409654926035 0.023819445916315997
0 0.8147348533345241 0.1420090392771956 0.017919473516896288 0.033358137023308566
0 0.8230554517253699 0.1462153896400153 0.012904191585911207 0.028506945916315994
0 0.7655985947845494 0.3071057604212551 0.01457595222957302 0.030124009618646853
0 0.754940328188803 0.49312510597475134 0.008795845792955604 0.014335318511654194
0 0.31333089046128954 0.15582593638248715 0.01679401609154336 0.03955357332097771
0 0.19477872435007565 0.5072396142426359 0.02337179802252858 0.04445932813030105
0 0.18166136531556826 0.5044320727728235 0.018793558666190348 0.045858137023308564
0 0.17006830145359783 0.5134251268565075 0.025043558666190346 0.04607639183263181