0 0.0125 0.0828125 0.0203125 0.046875
0 0.02265625 0.08046875 0.02421875 0.046875
0 0.0078125 0.1421875 0.015625 0.04296875
0 0.00625 0.1046875 0.01171875 0.03203125
0 0.0078125 0.128125 0.015625 0.0328125
0 0.0171875 0.23828125 0.02578125 0.0421875
0 0.05 0.24765625 0.02109375 0.04296875
0 0.0875 0.246875 0.02109375 0.0421875
0 0.1078125 0.23125 0.01953125 0.0390625
0 0.12265625 0.22109375 0.02109375 0.04453125
0 0.1 0.2875 0.0203125 0.0421875
0 0.1421875 0.25078125 0.0203125 0.03671875
0 0.16328125 0.26875 0.0171875 0.0453125
0 0.16796875 0.25234375 0.01640625 0.040625
0 0.228125 0.31484375 0.0171875 0.03828125
0 0.1828125 0.35625 0.021875 0.03828125
0 0.3015625 0.49140625 0.01640625 0.03515625
0 0.34140625 0.4640625 0.01796875 0.03203125
0 0.3421875 0.44140625 0.0140625 0.0328125
0 0.3609375 0.11015625 0.015625 0.03046875
0 0.475 0.07265625 0.0140625 0.03203125
0 0.43203125 0.44453125 0.0078125 0.04453125
0 0.4265625 0.478125 0.015625 0.03203125
0 0.42109375 0.49140625 0.0171875 0.03203125
0 0.4140625 0.51796875 0.01484375 0.03046875
0 0.4140625 0.52890625 0.01796875 0.034375
0 0.5828125 0.35234375 0.0140625 0.04921875
0 0.5640625 0.44296875 0.0125 0.03515625
0 0.58671875 0.45078125 0.01796875 0.03515625
0 0.57890625 0.47734375 0.0125 0.025
0 0.53046875 0.71328125 0.01484375 0.0328125
0 0.5296875 0.60703125 0.0125 0.03203125
0 0.53046875 0.5796875 0.01484375 0.0421875
0 0.525 0.65625 0.0109375 0.03046875
0 0.55 0.65859375 0.01328125 0.03046875
0 0.55234375 0.57890625 0.01484375 0.03046875
0 0.55625 0.6046875 0.0125 0.0265625
0 0.55 0.734375 0.0109375 0.0390625
0 0.56640625 0.7453125 0.01328125 0.02421875
0 0.59140625 0.76640625 0.01484375 0.0328125
0 0.575 0.6671875 0.01171875 0.03828125
0 0.57109375 0.63359375 0.0125 0.03203125
0 0.57890625 0.63046875 0.00703125 0.0203125
0 0.5859375 0.61328125 0.01484375 0.03203125
0 0.63671875 0.6234375 0.01328125 0.03671875
0 0.7515625 0.9203125 0.01640625 0.03203125
0 0.78046875 0.92734375 0.025 0.03046875
0 0.8359375 0.92734375 0.028125 0.02421875
0 0.8875 0.8984375 0.03203125 0.03046875
0 0.9515625 0.98984375 0.02890625 0.01796875
0 0.94609375 0.953125 0.0328125 0.025
0 0.9078125 0.9453125 0.02890625 0.0328125
0 0.88203125 0.92734375 0.0296875 0.02890625
0 0.84765625 0.96484375 0.028125 0.034375