0 0.3167083859119343 0.23037806026762234 0.05328213025772479 0.03551477611928178
0 0.3347247235420339 0.2582607208285005 0.056570904567984304 0.03880355042954129
0 0.5290966847595959 0.6376262369981596 0.05147396879233561 0.030745388964152198
0 0.528854345320474 0.6571165434205947 0.0559976944820761 0.027866050429541288
0 0.7680097778167625 0.5090188008838266 0.06273901741285463 0.03756859905006031
0 0.6020417825664609 0.8215674677762828 0.05163774310259513 0.0338703889641522
0 0.55069064450682 0.8499691067404347 0.0434976944820761 0.02721095318850324
0 0.1450392673013129 0.6071120578927731 0.041689533016686785 0.02244156603337366
0 0.14656414575001536 0.6226142271600785 0.041689533016686785 0.02244156603337366
0 0.1495696370435881 0.6395970092722542 0.051392081637205766 0.02918288896415202
0 0.14055756445149387 0.42503654228894094 0.057805855947465276 0.032635437584671044
0 0.14347120251113477 0.39917340513381117 0.05352779172311406 0.040202276119281774
0 0.1420215671650273 0.35250312302163556 0.04834896879233552 0.03058161465389251