0 0.9796875 0.5553932933861165 0.0265625 0.029207338935304604
0 0.97109375 0.5385559618651857 0.0484375 0.03478617688202625
0 0.8859375 0.6365570631577799 0.0609375 0.04623301285158128
0 0.88984375 0.6637416456672941 0.0703125 0.04974001482874755
0 0.8921875 0.8113023951730025 0.06875 0.05123884783255335
0 0.67734375 0.9059941071497313 0.071875 0.059178681824942105
0 0.6640625 0.8721602766173836 0.0734375 0.049867348821136304
0 0.65546875 0.8537604450964528 0.075 0.05305601581733086
0 0.6515625 0.8320446125869388 0.0703125 0.054427514828747546
0 0.6171875 0.8006327865032153 0.0625 0.05098417984777583
0 0.59765625 0.8615848739556451 0.0625 0.04785917984777584
0 0.5671875 0.836263880381436 0.0671875 0.049612680836358794
0 0.55859375 0.723332798860505 0.059375 0.0383568458553869
0 0.496875 0.7281913952101835 0.0625 0.04004667984777566
0 0.6234375 0.4550656185184378 0.0515625 0.02553851087441501
0 0.60390625 0.4503927059708676 0.046875 0.0269100098858317
0 0.5046875 0.5442793102292116 0.05625 0.03197951186299797
0 0.49453125 0.5517243957044752 0.053125 0.02716467787060921
0 0.48359375 0.5552950646778358 0.0546875 0.027228344866803766
0 0.40546875 0.5373846644875554 0.046875 0.0269100098858317
0 0.37890625 0.26268575342286005 0.0390625 0.021904174904859807
0 0.37421875 0.27381425441144325 0.0390625 0.017216674904859806
0 0.3734375 0.28009608790954044 0.0390625 0.02034167490485981
0 0.45703125 0.2040336536131405 0.046875 0.031597509885831696
0 0.43828125 0.20792265756747322 0.0484375 0.0316611768820261
0 0.5109375 0.194024642244434 0.04375 0.029907675893442988
0 0.5078125 0.18477697623682277 0.0390625 0.018779174904859808
0 0.52421875 0.11692097277678166 0.046875 0.030035009885831743
0 0.55078125 0.10724488384147701 0.04375 0.026782675893442954
0 0.55390625 0.07039879984908821 0.053125 0.0396646778706093
0 0.51796875 0.08123814076155922 0.05625 0.0351045118629981
0 0.6515625 0.016922267263024506 0.05 0.03384453452604901
0 0.67265625 0.007085681540615169 0.046875 0.014171363081230338
0 0.5796875 0.0035906084226413047 0.0546875 0.007181216845282609
0 0.34375 0.2594307608372339 0.040625 0.021967841901054184
0 0.315625 0.272295516768733 0.0359375 0.02021434091247105
0 0.32734375 0.24134926429727493 0.0359375 0.018651840912471053
0 0.32421875 0.24928909828966378 0.0359375 0.02021434091247105
0 0.32265625 0.2556027652858582 0.034375 0.020150673916276673
0 0.30859375 0.24680076825160766 0.025 0.015081171939110228
0 0.30546875 0.25395935224399646 0.028125 0.01677100593149907
0 0.30078125 0.22602535323257963 0.0359375 0.02021434091247105
0 0.29453125 0.23409252121735724 0.0359375 0.02021434091247105
0 0.29140625 0.242813605209746 0.03125 0.018460839923887827
0 0.28828125 0.2507534392021348 0.0359375 0.02021434091247105
0 0.2828125 0.2056637736888151 0.03125 0.015335839923887828
0 0.29140625 0.217032355209746 0.0296875 0.016834672927693452
0 0.2796875 0.21360360768120393 0.025 0.015081171939110228
0 0.2796875 0.22375985768120393 0.0234375 0.01189250494291585
0 0.27734375 0.2301053581754955 0.0265625 0.015144838935304605
0 0.1765625 0.29827437943003376 0.028125 0.013646005931499072
0 0.175 0.30380679642622815 0.028125 0.012083505931498983
0 0.1734375 0.3085579634224226 0.03125 0.015335839923887828
0 0.1734375 0.31637046342242253 0.028125 0.018333505931498982
0 0.18046875 0.31686521193954775 0.0296875 0.01527217292769345
0 0.1796875 0.327053295437645 0.025 0.015081171939110228
0 0.1609375 0.3207860493919777 0.0234375 0.01345500494291585
0 0.15703125 0.32953896688246365 0.025 0.015081171939110228
0 0.15 0.3360754683653384 0.0265625 0.013582338935304694
0 0.16328125 0.36053429889768607 0.0296875 0.013709672927693362
0 0.15859375 0.3536940498862693 0.0265625 0.012019838935304606
0 0.134375 0.3218683883272823 0.028125 0.015208505931499073
0 0.11875 0.3006300582892263 0.025 0.011956171939110227
0 0.12109375 0.29584705779493464 0.0265625 0.013582338935304606
0 0.12265625 0.29109589079874026 0.025 0.015081171939110228
0 0.12265625 0.28562714079874024 0.0265625 0.015144838935304605
0 0.125 0.27381289030444866 0.0234375 0.01189250494291585
0 0.1234375 0.26840780730064306 0.0203125 0.013327670950527093
0 0.1171875 0.27178747528542063 0.0203125 0.014890170950527092
0 0.1171875 0.2631937252854207 0.0234375 0.01189250494291585
0 0.11953125 0.25919197479112904 0.0203125 0.010202670950527093
0 0.0875 0.27299714821311405 0.0171875 0.010075336958138337
0 0.0671875 0.20819981916364116 0.0140625 0.008385502965749492
0 0.10390625 0.19107864475307296 0.01875 0.010139003954332714
0 0.1015625 0.19429914524736455 0.0203125 0.010202670950527093
0 0.11328125 0.4805403927759066 0.0234375 0.015017504942915849
0 0.115625 0.538257392281615 0.028125 0.018333505931499162
0 0.11171875 0.532947809772101 0.0265625 0.015144838935304605
0 0.0953125 0.5328350632321421 0.025 0.011956171939110227
0 0.0953125 0.5281475632321422 0.025 0.015081171939110228
0 0.08046875 0.5982836496959889 0.0296875 0.013709672927693362
0 0.06171875 0.6498289036503215 0.0265625 0.015144838935304605
0 0.0734375 0.6821639011788636 0.0265625 0.012019838935304606
0 0.04453125 0.6692792406084598 0.0265625 0.013582338935304606
0 0.5171875 0.9250199742596564 0.06875 0.054363847832553346
0 0.5375 0.9562235533091293 0.0609375 0.04623301285158128
0 0.475 0.9564264831569051 0.059375 0.050856845855386724
0 0.50703125 0.96840255973492 0.0609375 0.02435801285158128
0 0.18203125 0.9363327949433533 0.0515625 0.02553851087441501
0 0.190625 0.9422326264642843 0.0375 0.01402800790866543
0 0.5375 0.9562235533091293 0.0625 0.046296679847775836