0 0.5485266806857375 0.7570074619023667 0.0230208377489479 0.03370383794672147
0 0.5650172985565703 0.4411596274156864 0.023239092558271324 0.03995383794672147
0 0.5367831711519087 0.44543063334718547 0.020114092558271325 0.039826503954332716
0 0.4904513520921002 0.25306406121779473 0.021785719962933214 0.04301517095052709
0 0.5122296375714627 0.16558130726346204 0.01827877404661713 0.031950336958138335
0 0.49096725118112633 0.05956872920257229 0.011810519237293704 0.025445668973360737
0 0.46946427341364494 0.07214698365119657 0.01515377404661713 0.03182300296574951
0 0.4568824278601486 0.0750000696207517 0.01348214664195524 0.028634335969555134
0 0.47920386116259284 0.038984315172127415 0.016661710344286363 0.030324169961943915
0 0.38755207450210405 0.049740084449499324 0.011865082939624561 0.027008168973360735
0 0.3709548515439461 0.055877337909540435 0.014935519237293703 0.02557300296574953
0 0.3633878882044349 0.049164422890512385 0.013482146641955416 0.028634335969555124
0 0.3569469152462769 0.05488784087528996 0.016661710344286273 0.030324169961943915
0 0.3977008900185335 0.008009500228555271 0.011701391832631991 0.016019000457110542
0 0.4294567991895426 0.3242015735750844 0.016498019237293705 0.02563666996194396
0 0.34212789166299595 0.6132905898867068 0.016334328130301133 0.02094916996194396
0 0.34018344574667997 0.6242917568829012 0.014771828130301135 0.02088550296574958
0 0.3063665287711225 0.27460743327063575 0.020059528855940555 0.038264003954332715
0 0.28817952396179913 0.2815896037268712 0.024637901451278844 0.03533000494291585
0 0.3084176128918734 0.3275732657801497 0.016498019237293705 0.02563666996194396
0 0.31473953476157235 0.347599264297275 0.032286710344286186 0.030960839923887828
0 0.2895584854872117 0.33146226973448245 0.015208337748947986 0.03338550296574958
0 0.3953893340359329 0.36147608049516666 0.006850200725639422 0.01744216798477751
0 0.3912921110777749 0.36710399798565263 0.0153174651536097 0.036510502965749494
0 0.4240202763240518 0.4352027405712787 0.018387901451278842 0.03507533695813834
0 0.4113119451985258 0.41933766003893114 0.014935519237293703 0.025573002965749582
0 0.40610609002638265 0.43437241102751434 0.013263891832631991 0.022384335969555025
0 0.41619536344002767 0.525237491559862 0.0183333377489479 0.03351283695813834
0 0.406728594202734 0.5505876600389311 0.02178571996293317 0.04301517095052709
0 0.4202280990120573 0.5437964905712788 0.009920637023308565 0.016007001977166268
0 0.4167211530957413 0.5548613245636675 0.013318455534962937 0.023946835969555026
0 0.40307780454702014 0.5210911610275144 0.015044646641955418 0.02869800296574958
0 0.40790171380284723 0.516993910038931 0.013427582939624472 0.027071835969555025
0 0.38530006062228794 0.27061099996281895 0.009920637023308565 0.016007001977166358
0 0.37865075653860397 0.2599600014456937 0.02000496515360961 0.03670150395433271
0 0.3742732805852211 0.22893283593237407 0.018387901451278842 0.03507533695813834
0 0.3869816117107471 0.24479791646472177 0.016770837748947897 0.033449169961943956
0 0.3764632631620259 0.2109004189361797 0.010029764427970277 0.019132001977166357
0 0.46202874092950735 0.19571181764358536 0.014935519237293703 0.025573002965749537
0 0.4645089001853345 0.19171006714929378 0.01482639183263199 0.022448002965749492