0 0.446875 0.77265625 0.0109375 0.03828125
0 0.46640625 0.98515625 0.01484375 0.0265625
0 0.56796875 0.9125 0.0171875 0.0328125
0 0.678125 0.73515625 0.01015625 0.0390625
0 0.6671875 0.70703125 0.0109375 0.03828125
0 0.68046875 0.715625 0.01171875 0.0328125
0 0.68046875 0.69765625 0.0109375 0.034375
0 0.66796875 0.6890625 0.01171875 0.040625
0 0.6421875 0.39609375 0.01015625 0.02265625
0 0.55390625 0.63046875 0.01484375 0.02265625
0 0.55078125 0.6140625 0.0125 0.0203125
0 0.46875 0.571875 0.0125 0.0265625
0 0.46953125 0.5609375 0.0125 0.02265625
0 0.4875 0.42421875 0.0125 0.03515625
0 0.5640625 0.3875 0.00625 0.01640625
0 0.56953125 0.37734375 0.00859375 0.0265625
0 0.41328125 0.3765625 0.0109375 0.04296875
0 0.4140625 0.36640625 0.00859375 0.0328125
0 0.42109375 0.30859375 0.00703125 0.0328125
0 0.42734375 0.30078125 0.00859375 0.03046875
0 0.45546875 0.29921875 0.0078125 0.0390625
0 0.4625 0.296875 0.00703125 0.03828125
0 0.6671875 0.175 0.00703125 0.03046875
0 0.659375 0.16171875 0.0109375 0.02421875
0 0.64765625 0.1140625 0.00546875 0.01484375
0 0.65 0.07265625 0.00546875 0.03046875
0 0.65546875 0.07421875 0.00703125 0.02890625
0 0.471875 0.19765625 0.01171875 0.0265625
0 0.4765625 0.1234375 0.0078125 0.02265625
0 0.475 0.10703125 0.00703125 0.0140625
0 0.5125 0.225 0.00546875 0.01015625
0 0.5203125 0.065625 0.00546875 0.01640625
0 0.52421875 0.06875 0.01015625 0.0125
0 0.47421875 0.4390625 0.0109375 0.02265625
0 0.515625 0.0703125 0.0046875 0.01640625
0 0.475 0.04296875 0.0078125 0.0203125
0 0.4734375 0.03984375 0.00703125 0.021875