0 0.43601170683454404 0.4670882300449161 0.02123638257342364 0.03346726442797028
0 0.4289096018555222 0.45798604855657044 0.013920790041956366 0.019186509618646853
0 0.37126304521682646 0.4475321873939775 0.02088118506293437 0.028779764427970277
0 0.36309534770633733 0.4524925059056318 0.010677390871793247 0.017514882213985138
0 0.3906982842191643 0.5200966681566838 0.022917281743586492 0.035084328130301046
0 0.3690251163776693 0.4873486555428121 0.022917281743586492 0.035084328130301046
0 0.36554399625180045 0.5435713736916467 0.026634277594401644 0.04300595553496276
0 0.4094007400280232 0.5303521218775481 0.023650987552445414 0.02420139183263199
0 0.41722397280658363 0.5916343622589013 0.01979228174358667 0.03497520072563951
0 0.4326597186573988 0.583303507086758 0.021117983403260432 0.03190476442797028
0 0.42246757986019795 0.6046973574495779 0.0209995842330974 0.030342264427970278
0 0.3778663974965559 0.5454786140729998 0.012358290041956366 0.019131945916315906
0 0.3760904099441106 0.5689161140729998 0.014039189212119307 0.02074900961864685
0 0.38455410538000717 0.5600495455613455 0.01775618506293446 0.028670637023308566
0 0.4104420991562298 0.5474577763240518 0.027131185062934503 0.028998019237293705
0 0.3433272993660113 0.4562995521847674 0.010440592531467185 0.014389882213985138
0 0.35408720061076676 0.45826135626845144 0.02076278589277143 0.02721726442797028
0 0.3492454126434029 0.48102673367311316 0.023035680913749523 0.03664682813030105
0 0.3339989209417727 0.49714280699409086 0.017164189212119308 0.020858137023308566
0 0.34037897550587604 0.505491020333602 0.013683991701630305 0.01606150961864685
0 0.28678960497902184 0.004518830492553831 0.020170790041956276 0.009037660985107662