0 0.2593590701351577 0.4367671631477993 0.03255239087179333 0.017732970779006863
0 0.5683779500092887 0.38598550770734247 0.037003092531467274 0.014689791395857821
0 0.5721900342423862 0.4157002812462928 0.04000969336130424 0.013181838473758489
0 0.7777538726246686 0.4411344780793122 0.04325309253146727 0.014798885551659069
0 0.8581391896363266 0.4105487256436803 0.03196039502097818 0.009920470779006863
0 0.9696094859020601 0.4195163969091544 0.027391294191141214 0.011401150162155815
0 0.9627917234545056 0.4428038924449275 0.030397895020978182 0.009893197240056394
0 0.9637981164008913 0.4560851424449274 0.028953794191141212 0.011428423701106106
0 0.9892792167062746 0.4300817499934094 0.021441566587450823 0.011455697240056396
0 0.9970984670186246 0.521610730918686 0.005803065962750864 0.008276150162155816
0 0.9965481876619805 0.5395249338407853 0.006903624676039044 0.011373876623205348
0 0.9999395857948473 0.5459249383050121 0.00012082841030540692 0.009893197240056394
0 0.9982232591351734 0.5544232309186861 0.003553481729653285 0.014526150162155815
0 0.7235884361118415 0.5088480835991993 0.026065592531467275 0.014498876623205348
0 0.459445270969639 0.6267314642828897 0.019697193361304245 0.01282728246740401
0 0.4488037688950466 0.6304467995102374 0.019578794191141214 0.01126478246740401
0 0.8059058738740683 0.6273174399298652 0.03676629419114121 0.01156479139585791
0 0.8048645147458616 0.6444640296214397 0.036032588382282425 0.02247501785690744
0 0.7523548213845574 0.6310640028360786 0.024266294191141215 0.011346603084255058
0 0.7316871238740685 0.626021946829724 0.025568685062934547 0.028534103084255236
0 0.7537756114265137 0.6498140028360785 0.032078794191141215 0.011482970779006863
0 0.6952984153659172 0.5473651128201924 0.016216995850815152 0.008085235389503254
0 0.6909069132913248 0.5511895422033415 0.03797359668065212 0.0069045649348082
0 0.614190125323961 0.5272241623337252 0.03520379419114121 0.011537517856907441
0 0.6329284699300206 0.537694058031654 0.025947193361304244 0.012936376623205348
0 0.6193395666106727 0.543698596181101 0.020904495850815153 0.008167056006354301
0 0.5264892157808357 0.5436383206135558 0.032078794191141215 0.011482970779006863
0 0.5032768587272214 0.5564968307598255 0.04169059253146727 0.014771612012708957
0 0.5076800161957542 0.5425297881461517 0.012973596680652122 0.006468188311602674
0 0.4970385141211618 0.5462451233734993 0.020904495850815153 0.008167056006354478
0 0.5345268587272214 0.5570423015388324 0.026065592531467275 0.014498876623205348
0 0.5356749616316507 0.5516008250777826 0.025947193361304244 0.012936376623205348
0 0.7882079657808357 0.5482066383877378 0.014536096680652122 0.006495461850553141
0 0.8010631632913248 0.5531123266993404 0.03676629419114121 0.01156479139585791
0 0.8332128124614877 0.5552339342478223 0.03508539502097818 0.009975017856907442
0 0.8142968691001837 0.5424202885498934 0.03219719336130415 0.013045470779006862
0 0.8499859153659173 0.5500651931762761 0.016335395020978184 0.009647735389503254
0 0.8418522614218695 0.4633191696373258 0.022703794191141213 0.011319329545304768
0 0.8455217130815434 0.46026235348470157 0.021141294191141212 0.0112920560063543