0 0.6142029267009341 0.9109375 0.022193735456132478 0.0421875
0 0.6968241080644824 0.90859375 0.023915732122152634 0.025
0 0.7377371819917681 0.58671875 0.0250636439408634 0.0390625
0 0.9486424732074747 0.68203125 0.027008781213767107 0.04375
0 0.6123059736665166 0.8015625 0.02480855242559432 0.0359375
0 0.627086337601561 0.6859375 0.02480855242559432 0.0359375
0 0.6168504682065048 0.65625 0.018718049091614473 0.01875
0 0.6164358800252157 0.6703125 0.02911341515269079 0.03125
0 0.5082254119878887 0.48359375 0.016230777879787085 0.0265625
0 0.6933816619878888 0.48359375 0.022193735456132478 0.0421875
0 0.6738982094125132 0.49375 0.021938643940863402 0.0390625
0 0.665049496835198 0.45234375 0.02713632697140156 0.0453125
0 0.6804674606204613 0.3828125 0.01868609818322895 0.0375
0 0.540224968955411 0.42578125 0.015178460910325242 0.0328125
0 0.5139970509277823 0.496875 0.02324605242559432 0.0359375
0 0.5052757551701477 0.4953125 0.0203761439408634 0.0390625
0 0.5123389560785332 0.4765625 0.01661341515269079 0.03125
0 0.4855377268313187 0.34921875 0.025573826971401557 0.0453125
0 0.8059936191051922 0.3796875 0.019993506667959692 0.034375
0 0.8143322775899231 0.3765625 0.020503689698497852 0.040625
0 0.4787936481929272 0.2953125 0.021938643940863402 0.0390625
0 0.4871960795564753 0.29296875 0.011160640606883376 0.021875
0 0.48022873137324656 0.25546875 0.012723140606883376 0.021875
0 0.47334100258507383 0.24765625 0.01699605242559432 0.0359375
0 0.4723366119781904 0.22578125 0.014923369395056164 0.0296875
0 0.5558986689457125 0.16796875 0.01817591515269079 0.03125
0 0.4929527745458072 0.009375 0.009343049091614476 0.01875
0 0.6461732404571023 0.06796875 0.012595594849248926 0.0203125
0 0.6411668760630159 0.0640625 0.016103232122152634 0.025