0 0.5453125 0.9671875 0.02109375 0.05078125
0 0.53046875 0.94921875 0.02109375 0.0578125
0 0.628125 0.878125 0.02890625 0.04921875
0 0.6515625 0.8859375 0.0265625 0.0578125
0 0.78359375 0.91171875 0.0328125 0.05546875
0 0.89453125 0.73203125 0.03515625 0.05703125
0 0.86640625 0.715625 0.03046875 0.0609375
0 0.85078125 0.7046875 0.0328125 0.0609375
0 0.83125 0.69765625 0.034375 0.05625
0 0.8078125 0.6609375 0.03125 0.04765625
0 0.86484375 0.653125 0.03125 0.0515625
0 0.8453125 0.62265625 0.03046875 0.05390625
0 0.74609375 0.59609375 0.0203125 0.04921875
0 0.7578125 0.540625 0.0234375 0.0515625
0 0.496875 0.6125 0.01171875 0.04609375
0 0.4953125 0.59375 0.01640625 0.040625
0 0.59140625 0.51875 0.01328125 0.04765625
0 0.6 0.51171875 0.01484375 0.04765625
0 0.60390625 0.5015625 0.01328125 0.04765625
0 0.59765625 0.42890625 0.0125 0.0421875
0 0.3546875 0.3609375 0.0125 0.034375
0 0.36484375 0.359375 0.00859375 0.034375
0 0.37109375 0.359375 0.009375 0.034375
0 0.29296875 0.421875 0.015625 0.03984375
0 0.2984375 0.40625 0.01640625 0.0390625
0 0.2765625 0.46953125 0.01796875 0.0359375
0 0.26953125 0.465625 0.01015625 0.03515625
0 0.20625 0.46875 0.0171875 0.0390625
0 0.19453125 0.4921875 0.01640625 0.0375
0 0.1609375 0.48828125 0.02578125 0.04375
0 0.175 0.4578125 0.021875 0.046875
0 0.1 0.56796875 0.0234375 0.040625
0 0.078125 0.5859375 0.028125 0.040625
0 0.08203125 0.49921875 0.02890625 0.046875
0 0.0578125 0.42734375 0.02734375 0.03984375
0 0.01484375 0.390625 0.02890625 0.03984375
0 0.00859375 0.41640625 0.01640625 0.0359375
0 0.35546875 0.32890625 0.01015625 0.03515625
0 0.37109375 0.30546875 0.009375 0.03046875
0 0.34140625 0.31171875 0.009375 0.03046875
0 0.35 0.309375 0.009375 0.03046875
0 0.35546875 0.309375 0.0109375 0.0296875
0 0.34921875 0.29453125 0.0078125 0.021875
0 0.35546875 0.29296875 0.00859375 0.025
0 0.33125 0.28515625 0.0109375 0.03125
0 0.33984375 0.28046875 0.0109375 0.03125
0 0.346875 0.2796875 0.00859375 0.02734375
0 0.3546875 0.27734375 0.01171875 0.03046875
0 0.315625 0.265625 0.009375 0.02734375
0 0.325 0.275 0.0078125 0.02578125
0 0.32265625 0.26328125 0.0078125 0.021875
0 0.33203125 0.265625 0.0078125 0.0203125
0 0.33828125 0.2640625 0.0078125 0.021875
0 0.4109375 0.18359375 0.0078125 0.025
0 0.41640625 0.18359375 0.00625 0.02578125
0 0.42109375 0.1828125 0.00703125 0.0265625
0 0.428125 0.18359375 0.00859375 0.025
0 0.42734375 0.190625 0.00859375 0.025
0 0.43671875 0.190625 0.00703125 0.021875
0 0.43359375 0.1734375 0.00703125 0.02109375
0 0.44140625 0.17109375 0.00703125 0.02109375
0 0.4484375 0.16640625 0.00625 0.021875
0 0.46796875 0.18203125 0.00703125 0.025
0 0.4625 0.1765625 0.00546875 0.0234375
0 0.4375 0.15 0.0078125 0.0234375
0 0.42109375 0.13203125 0.00546875 0.02265625
0 0.415625 0.13359375 0.00546875 0.02265625
0 0.41171875 0.134375 0.00703125 0.02109375
0 0.40625 0.13359375 0.00625 0.021875
0 0.39609375 0.13359375 0.00703125 0.02109375
0 0.390625 0.13125 0.00625 0.0171875
0 0.39375 0.1265625 0.0078125 0.01796875
0 0.3875 0.125 0.00546875 0.01875
0 0.3828125 0.1265625 0.00546875 0.01796875
0 0.39921875 0.09921875 0.00546875 0.01328125
0 0.34375 0.07109375 0.00390625 0.0125
0 0.3234375 0.1015625 0.00546875 0.01640625
0 0.3265625 0.1 0.00546875 0.0171875
0 0.58203125 0.15546875 0.0078125 0.0203125
0 0.63359375 0.16640625 0.01015625 0.025
0 0.6296875 0.1625 0.0078125 0.02265625
0 0.63125 0.14765625 0.00625 0.02265625
0 0.6265625 0.146875 0.00625 0.021875
0 0.69140625 0.14453125 0.0078125 0.025
0 0.740625 0.13515625 0.00703125 0.02265625
0 0.7671875 0.1515625 0.00703125 0.025
0 0.759375 0.1234375 0.0078125 0.02265625
0 0.93125 0.590625 0.03046875 0.05390625
0 0.95703125 0.61328125 0.03046875 0.0515625
0 0.965625 0.55859375 0.0359375 0.04453125
0 0.98515625 0.58984375 0.0296875 0.0515625
0 0.98828125 0.290625 0.0234375 0.04609375
0 0.99296875 0.29921875 0.01328125 0.03515625
0 0.95703125 0.61328125 0.03046875 0.0515625