0 0.6122807462663544 0.9338985730092018 0.03025406603337366 0.042920823637421536
0 0.5700899242400871 0.9522498313441516 0.030260710085908294 0.013360869395056341
0 0.6954617384644383 0.9341698978545715 0.03889208163720568 0.02962359818322895
0 0.6617894233355759 0.9204421087648967 0.04373671189493056 0.06269118969849785
0 0.6874068990253164 0.9152126037639269 0.042092324739800804 0.0610011439408634
0 0.6972865100611643 0.8641922377028506 0.042256099050060315 0.0641261439408634
0 0.671058202734218 0.8427954698250032 0.03543288896415202 0.05267846091032524
0 0.6522672591566532 0.8435447689166174 0.03773237336031983 0.06686850666796004
0 0.6889959752354553 0.7958248749757542 0.04036605042954129 0.05774859818322877
0 0.8347555325624014 0.8074643923945597 0.0354328889641522 0.05267846091032524
0 0.8142416367008444 0.7903087143649914 0.04012038896415211 0.05306109818322877
0 0.7341922885552954 0.7599672522467181 0.0354328889641522 0.05267846091032524
0 0.7116212477366924 0.7484716428536016 0.035596663274411536 0.055803460910325245
0 0.6972311991161735 0.7433695546723124 0.03888543758467104 0.059183552425594144
0 0.6663563353667921 0.7231366740673686 0.034034163274411534 0.05567591515269079
0 0.6701054551090673 0.6898777639156478 0.03049972749876275 0.04760832363742153
0 0.686593592264197 0.6901010334604851 0.027129066033373662 0.04266573212215263
0 0.7233975514455941 0.6737586852772562 0.03387038896415202 0.052550915152690794
0 0.7095430913596859 0.6639053242171498 0.0291828889641522 0.05216827787978708
0 0.8314590349372507 0.654738005121656 0.03707727611928178 0.05436850666795969
0 0.8598673179539376 0.6728184543630518 0.04529921189493073 0.0628187354561323
0 0.8841236895052351 0.6865302679985337 0.040120388964152195 0.05306109818322895
0 0.9084509028705036 0.5668556257246602 0.03214411465389233 0.04929836939505616
0 0.8981751441640764 0.5504334002704674 0.030417840343633172 0.04604582363742153
0 0.7178292248967709 0.5675086852772562 0.027129066033373662 0.04266573212215263
0 0.7074682570089467 0.5644314827018808 0.032307888964152195 0.052423369395056166
0 0.6979294826986872 0.5620717572476879 0.032389776119281774 0.05398586939505616
0 0.6846072891211222 0.5623746461875815 0.02737472749876275 0.04735323212215263
0 0.6735469583884276 0.5609237164910232 0.025812227498762753 0.047225686364518
0 0.7036538602428785 0.5215902784595153 0.027456614653892507 0.04891573212215263
0 0.6887691666653135 0.5220207131570433 0.02408595318850324 0.04397314060688338
0 0.6921431501569701 0.511545598762957 0.03222600180902226 0.050860869395056164
0 0.6972091084338562 0.4734716428536016 0.020551517412854638 0.035905549091614475
0 0.6801444391665508 0.47721839618758144 0.02244156603337366 0.04228309484924893
0 0.6023027221832375 0.5039719569481255 0.02235967887824373 0.04072059484924893
0 0.6129945607178483 0.4983916366446838 0.023758404567984216 0.03772314060688338
0 0.6490681795556122 0.4381717427038204 0.02869156603337366 0.04279327787978708
0 0.657743816710742 0.4390327410368305 0.02235967887824373 0.04072059484924893
0 0.6453489580497432 0.33726294694618586 0.023840291723114148 0.039285640606883554
0 0.6332617158516595 0.33118829012844486 0.022114017412854636 0.03603309484924892
0 0.6239276594292245 0.3327348146742521 0.019152791723114147 0.03890300333397985
0 0.6107758842144536 0.3063476578565111 0.018989017412854636 0.035778003333979846
0 0.6114442695605611 0.25921756634124204 0.01874335594746519 0.031090503333979846
0 0.6052761567156908 0.2612902493717802 0.015700243102595123 0.03239791181871077
0 0.5982039631381261 0.26108295528113556 0.01866146879233561 0.029528003333979848
0 0.4799286759375677 0.3546890472554466 0.02227779172311415 0.039158094849248926
0 0.4877821195151325 0.3548325684672739 0.022114017412854636 0.03603309484924892
0 0.4271511567156908 0.2758304657421172 0.017262743102595124 0.032525457576345396
0 0.4347998824054313 0.27206773695394454 0.018825243102595125 0.032653003333979844
0 0.5093528250784851 0.24244426770866961 0.018907130257724704 0.034215503333979845
0 0.49845626865604997 0.2441183380121113 0.017344630257724702 0.0340879575763454
0 0.46149185719066066 0.24242816331652292 0.01718085594746519 0.030962957576345394
0 0.4557365021477066 0.23740582346824377 0.018825243102595125 0.032653003333979844
0 0.4591956948207603 0.21358568619534016 0.02030585594746519 0.031218049091614453
0 0.4765945567611194 0.18627388710372575 0.018579581637205855 0.02796550333397989
0 0.46787797602842485 0.18463163877071567 0.01561835594746519 0.03083541181871081
0 0.45698141960598965 0.18630570907415742 0.017098968792335613 0.029400457576345396
0 0.44772925033868427 0.18941473361996464 0.01718085594746537 0.030962957576345353
0 0.39250616180407355 0.19863010801599065 0.020387743102594946 0.03278054909161443
0 0.3862971053816384 0.1999215410465288 0.025239017412854548 0.036288186364518006
0 0.38721115219313507 0.1574789495312597 0.015700243102595036 0.03239791181871081
0 0.37816702283992143 0.14958670119824966 0.013318871551297563 0.01664536606107627
0 0.36169549581612853 0.07482581725932594 0.0169351944820761 0.026275457576345352
0 0.810905358999683 0.262550505121656 0.020142081637205676 0.028093049091614475
0 0.933163218565193 0.37967461905670047 0.031898453188503595 0.044610869395056166