0 0.9100317781262717 0.8630071912039764 0.04364299214211727 0.033707142065139806
0 0.8012732082338957 0.8770403281486189 0.04407963978475218 0.04308214206513981
0 0.7839765463232368 0.8783830202702285 0.026382717535011223 0.031143584186749607
0 0.5997385951231637 0.713328625715427 0.04647689371369381 0.02763915258848364
0 0.8936748397464802 0.6591618543863909 0.02852741439185813 0.043734589448421346
0 0.8827373397464802 0.6585248175546881 0.02198631596343468 0.037120568401734035
0 0.577653771716131 0.8679328257295446 0.03880994292790554 0.03030912628012459
0 0.5199868209303427 0.8614406310476861 0.0627568651776464 0.0426117052052021
0 0.36087084016076504 0.7793198338338138 0.04015411910658786 0.02571263154179615
0 0.42095000744810723 0.8517555469315237 0.03412244292790554 0.03003611049510866
0 0.4137732082338956 0.8544710232540004 0.035539393713693634 0.027002115756780753
0 0.9548457419372294 0.4222302727598901 0.022675520678164675 0.018461573663405773
0 0.7649634505809004 0.4456391387284323 0.04178939371369381 0.027366136803468066
0 0.7981227069910413 0.42328599659270516 0.042915246071058635 0.018082142065139806
0 0.7660678782073249 0.5060229018826119 0.03041524607105863 0.01735409997176518
0 0.5362497915657258 0.5459066363093579 0.036883569892376046 0.022405621018452494
0 0.5294903693159849 0.5564801152626705 0.03368579528527036 0.020661110495108836
0 0.4670545277119869 0.686016425842484 0.028017992142117264 0.03279708944842134
0 0.4539188269261986 0.6821178811182732 0.017696922249740864 0.011938557878390377
0 0.4541906546764577 0.6931008837491092 0.014571922249741043 0.01175654735504672
0 0.4398884061241997 0.7478870942865703 0.022821069892376044 0.021586573663405773
0 0.34987983623182356 0.7630122943712749 0.03695634449948208 0.02396812101845249
0 0.3251345473566941 0.7560874601845253 0.027144696856846905 0.014047089448421346
0 0.3914616763880794 0.5766421548663837 0.03688356989237622 0.022405621018452494
0 0.38275876447742063 0.5784853759271885 0.032268844499481995 0.02369510523343692
0 0.28221080087135075 0.618064544441862 0.01762414764263518 0.010376057878390377
0 0.36959948490791605 0.6591893443571575 0.027363020678164495 0.018734589448421345
0 0.3579535095150219 0.6569443048946185 0.027581344499482085 0.023422089448421345
0 0.268820388960692 0.6196347497176513 0.035321069892376135 0.022314615756780752
0 0.3089060415657259 0.5326653707361039 0.025509422249741044 0.012393584186749606
0 0.2584501232449263 0.5563612049934406 0.025727746071058634 0.017081084186749605
0 0.24971082403071457 0.5589856760542454 0.025727746071058634 0.017081084186749605
0 0.08697322953123254 0.5714416314712091 0.03197774607105859 0.017445105233436918
0 0.2856482082338956 0.8470085917969087 0.03234161910658786 0.025257605233436918
0 0.2531075359841546 0.8560804839326359 0.030633569892376134 0.02204159997176518
0 0.17207585980547216 0.8466607103256998 0.035393844499482 0.0238771157567804
0 0.08557543362678972 0.836922418302912 0.035539393713693725 0.027002115756780753
0 0.10501679239429537 0.8231707314429741 0.03673802067816442 0.019280621018452848
0 0.11682758767956565 0.8050577682746771 0.03830052067816442 0.019371626280124232
0 0.05172912655469516 0.8067497999152954 0.03517552067816443 0.019189615756780753
0 0.0900254549241267 0.5731861419945528 0.025509422249741 0.012393584186749606
0 0.045671833336339465 0.6340557525602487 0.025654971463952715 0.015518584186749607
0 0.03964015715765704 0.6290042315135613 0.023946922249740998 0.012302578925077867
0 0.10298771960643509 0.7321817103962868 0.02089469685684686 0.013683068401734033
0 0.08963369499932923 0.7329706656720761 0.022457196856846863 0.013774073663405773