0 0.5592631915090366 0.8157599379027405 0.04237317029858776 0.027840776735205
0 0.5786141250491761 0.8256648156266813 0.06781021287323483 0.035838947033792576
0 0.9656610209583473 0.7462218781512693 0.03935743094224975 0.029184755447881728
0 0.9341214438548253 0.7510132849562037 0.036232430942249746 0.028966234160558102
0 0.9070508454639794 0.7530074736921234 0.038013452229573017 0.032200494804219916
0 0.7372789308653749 0.8266531512801782 0.053529191585911205 0.03173060124083733
0 0.6945669069801614 0.8384376032576497 0.04716993094224957 0.02973105866619008
0 0.6938238618076245 0.8500470926139879 0.05185743094224939 0.030058840597175517
0 0.33669587873234696 0.3345160196978396 0.053201409654925945 0.027043101240837242
0 0.3389139425943174 0.3440002803415013 0.05610788836760259 0.02413662252816069
0 0.038815389628110285 0.388319454827463 0.02518567029858776 0.026638909654926036
0 0.5626131585696452 0.5190159778794973 0.0467328883676025 0.023481058666190435
0 0.4584555362935861 0.5303908844323303 0.05018567029858776 0.028387079953513705
0 0.08612670424638533 0.6201921677006977 0.04996714901126431 0.025262079953513705
0 0.24581306068300268 0.6469071230323639 0.05007640965492603 0.026824579953513707