0 0.6196899736249712 0.7033541997522946 0.061592064934808025 0.03785452400410509
0 0.7011462995168279 0.5568013866187739 0.0645534237011061 0.028497704722264317
0 0.7192162353927987 0.46139343784843795 0.05040910308425506 0.02372839149054773
0 0.8084890154245707 0.35932187773997937 0.055096603084255236 0.02375566256778665
0 0.8287918327950109 0.4045116578924045 0.04095228246740419 0.018986349336070064
0 0.9547543149381035 0.4381503388069555 0.040897735389503254 0.015861349336070064
0 0.9357588530875504 0.4523219231159109 0.03774546185055314 0.01428066861791084
0 0.9308668015454227 0.4640679441931498 0.042460235389503255 0.015870439695149584
0 0.9259065661559195 0.47972021527038855 0.050300008928453724 0.017478391490547907
0 0.84427869075053 0.5465946187629889 0.05342500892845372 0.01749657220870695
0 0.8424570921305017 0.5614474591220685 0.03782728246740419 0.01896816861791084
0 0.8352485641273244 0.5716446157379268 0.034647735389503255 0.01582498789975162
0 0.8801849630716644 0.5034213356836975 0.04561250892845372 0.017451120413308985
0 0.8535815527632389 0.505919621788051 0.03936250892845372 0.01741475897699054
0 0.8924764573896216 0.4705406579906004 0.03157728246740419 0.01893180718159222
0 0.884087258931749 0.4588719049655383 0.02998750892845372 0.017360216822512698
0 0.27905052597458235 0.07961828054520861 0.055396612012708776 0.04094316256778663
0 0.27273629626712176 0.12808759680198728 0.05369774431795715 0.03312157220870704
0 0.5823958940763712 0.24424282016560356 0.034702282467404186 0.01894998789975162
0 0.5843674971606262 0.22079622980652394 0.03631932954530477 0.02208407825883123