0 0.36353260800544723 0.12718124326957542 0.03564907366340586 0.02287521034569897
0 0.34034646601089447 0.24311012015003727 0.030870568401734032 0.02117631802583091
0 0.26342140301200667 0.40834266356526194 0.027290542093374802 0.013272889812585476
0 0.26470318195120185 0.3997716456185733 0.022512036831702886 0.011573997492717503
0 0.26964828718463874 0.36861257383181867 0.03059755261671846 0.01648881802583091
0 0.280055895190086 0.4855189290046682 0.025546031570031148 0.010102425705962936
0 0.3015976952465558 0.545621354710631 0.032069047355046634 0.014971782132453626
0 0.49699422425633805 0.6170430283050229 0.06202956314006229 0.020523100158284534
0 0.5193396611162759 0.6364749899043631 0.06864358418674961 0.026954956584775223
0 0.5061039137471118 0.6353072949980703 0.03399556840173403 0.021267246239076342
0 0.5757646953877302 0.7022878580093364 0.05467208944842135 0.028108279625171307
0 0.7463788452042035 0.5139564468848498 0.1218441788968427 0.056580272103323635
0 0.3909893350337956 0.8784686101209074 0.0444780420933748 0.013772994985435005
0 0.3888353008329286 0.8885793960142847 0.04796706314006212 0.02011392319868044
0 0.43986020356258654 0.9896321159934022 0.057797089448421345 0.02073576801319561