0 0.475 0.37872513449141987 0.00625 0.015843254809323425
0 0.4125 0.3691889325846541 0.00625 0.014280754809323426
0 0.4484375 0.3702777174310444 0.003125 0.014171627404661713
0 0.45 0.3717856537287135 0.003125 0.014171627404661713
0 0.4390625 0.3776363496450295 0.0078125 0.014335318511654283
0 0.425 0.3929711729660072 0.0109375 0.017569445916316085
0 0.4328125 0.4153546044543529 0.009375 0.02063988221398514
0 0.41015625 0.38020827813815034 0.0078125 0.017460318511654284
0 0.415625 0.38079855517999234 0.00625 0.015843254809323425
0 0.42578125 0.37888139111484176 0.00625 0.011155754809323426
0 0.4203125 0.3759473640729998 0.0046875 0.01422619110699257
0 0.421875 0.36261155037066894 0.0046875 0.015788691106992568
0 0.4375 0.3542534133473604 0.0078125 0.014335318511654283
0 0.44296875 0.36109369038920236 0.009375 0.01595238221398514
0 0.48359375 0.34873753412860015 0.0078125 0.015897818511654283
0 0.50546875 0.3448486422959681 0.0078125 0.017460318511654284
0 0.515625 0.36402522823081757 0.00625 0.012718254809323426
0 0.47578125 0.3872916026402544 0.003125 0.012609127404661713
0 0.56640625 0.32162690790506476 0.00625 0.015843254809323425
0 0.5515625 0.31355151307720786 0.0046875 0.006413691106992569
0 0.93359375 0.5173981878573136 0.0109375 0.012881945916315907
0 0.9328125 0.5111754697084792 0.0109375 0.023819445916316084
0 0.18125 0.7850768605296208 0.01875 0.028779764427970277
0 0.24609375 0.7257812168828902 0.0203125 0.025709328130301044