0 0.2140625 0.1140625 0.0125 0.03515625
0 0.19375 0.121875 0.01015625 0.02265625
0 0.3328125 0.3671875 0.01171875 0.0390625
0 0.328125 0.32578125 0.0125 0.03828125
0 0.4265625 0.77109375 0.0171875 0.0390625
0 0.4390625 0.76484375 0.00859375 0.0203125
0 0.50078125 0.38984375 0.01015625 0.034375
0 0.42421875 0.521875 0.01484375 0.028125
0 0.428125 0.51015625 0.015625 0.028125
0 0.33828125 0.45546875 0.0203125 0.01796875
0 0.3375 0.47109375 0.01328125 0.02421875
0 0.33515625 0.22578125 0.01171875 0.04296875
0 0.3265625 0.2296875 0.00859375 0.03515625
0 0.240625 0.36640625 0.0109375 0.0421875
0 0.246875 0.36015625 0.01171875 0.034375
0 0.2421875 0.34140625 0.0078125 0.028125
0 0.23359375 0.34296875 0.0125 0.0390625
0 0.23046875 0.35625 0.01015625 0.03515625
0 0.4390625 0.69140625 0.0125 0.03046875
0 0.5015625 0.80703125 0.0109375 0.03515625
0 0.5078125 0.84609375 0.009375 0.0484375
0 0.490625 0.09609375 0.01015625 0.04453125
0 0.4890625 0.02109375 0.00859375 0.034375
0 0.434375 0.21484375 0.009375 0.028125
0 0.1578125 0.76953125 0.01953125 0.03671875
0 0.4328125 0.34296875 0.0125 0.03203125
0 0.33125 0.3984375 0.00859375 0.01484375
0 0.51015625 0.83984375 0.015625 0.046875
0 0.43359375 0.20859375 0.00859375 0.03203125