0 0.46953125 0.49921875 0.01015625 0.0296875
0 0.46015625 0.49296875 0.0078125 0.0171875
0 0.40390625 0.49375 0.01015625 0.02578125
0 0.3984375 0.50078125 0.00625 0.015625
0 0.44453125 0.55625 0.01015625 0.03046875
0 0.4140625 0.53125 0.01171875 0.03125
0 0.42734375 0.58203125 0.0109375 0.03828125
0 0.4640625 0.5625 0.01484375 0.01796875
0 0.48984375 0.615625 0.0078125 0.03125
0 0.5015625 0.60546875 0.009375 0.028125
0 0.49921875 0.6265625 0.009375 0.02734375
0 0.43984375 0.58125 0.0046875 0.015625
0 0.4453125 0.603125 0.00625 0.01796875
0 0.45 0.59296875 0.01015625 0.025
0 0.46953125 0.57734375 0.0171875 0.021875
0 0.38046875 0.5078125 0.00546875 0.01015625
0 0.390625 0.50703125 0.01015625 0.0234375
0 0.39375 0.52890625 0.01171875 0.03359375
0 0.384375 0.54609375 0.009375 0.01953125
0 0.3921875 0.553125 0.0078125 0.0125
0 0.18984375 0.1 0.0109375 0.0296875