0 0.2281868988345721 0.7738166185671916 0.20788691106992568 0.052876262074194005
0 0.28109367714235844 0.5326771415284453 0.22109623920022684 0.07355247492717538
0 0.33956837605389933 0.5567307554767833 0.1719494110699257 0.051830587621872225
0 0.3598188778679979 0.5132164361973113 0.1547619110699257 0.0513304824490227
0 0.32336302269585476 0.5291058606496328 0.1833779843909033 0.06621133636823107
0 0.31504706960796264 0.38730480555592567 0.1785813569862416 0.06294994404836292
0 0.2977802132546931 0.32302935688870915 0.20610615626060227 0.04658079796757129
0 0.24846225953382883 0.30495295830063496 0.13886409255827142 0.04306334138279588
0 0.4062350647986392 0.3908951553184988 0.12345734736759476 0.04885870031656907
0 0.509121962621721 0.4394115601747791 0.03955357332097762 0.015199102665567033
0 0.5023635311333752 0.43180364865458126 0.05216270072563951 0.01868781551854859
0 0.5311308826773213 0.5019881165221276 0.025381945916315908 0.011664925705962937
0 0.5391070737843139 0.49707329598901423 0.018968254809323425 0.006795569279472247