0 0.9484375 0.553125 0.02578125 0.03359375
0 0.91875 0.53046875 0.028125 0.0265625
0 0.928125 0.55859375 0.02734375 0.02734375
0 0.9234375 0.5421875 0.02890625 0.0203125
0 0.51484375 0.1015625 0.00390625 0.0203125
0 0.521875 0.09140625 0.00546875 0.02109375
0 0.52578125 0.10546875 0.0046875 0.02109375
0 0.5390625 0.11015625 0.01015625 0.01875
0 0.53828125 0.10234375 0.00546875 0.0203125
0 0.52734375 0.103125 0.00390625 0.021875
0 0.465625 0.0890625 0.00625 0.0125
0 0.46796875 0.0875 0.00703125 0.01171875
0 0.5125 0.37109375 0.01484375 0.01796875
0 0.50625 0.36015625 0.00859375 0.0171875
0 0.51953125 0.35859375 0.00859375 0.01640625
0 0.5234375 0.365625 0.0109375 0.01875
0 0.978125 0.68125 0.0421875 0.025
0 0.98203125 0.69375 0.0359375 0.021875