0 0.46015625 0.71171875 0.05078125 0.0859375
0 0.428125 0.71953125 0.04140625 0.0578125
0 0.31328125 0.54375 0.05390625 0.08359375
0 0.2625 0.4671875 0.04609375 0.0734375
0 0.2375 0.46015625 0.0484375 0.0796875
0 0.48359375 0.14453125 0.02734375 0.08984375
0 0.41015625 0.11875 0.02890625 0.08359375
0 0.321875 0.12265625 0.0296875 0.07890625
0 0.2984375 0.06796875 0.0359375 0.08359375
0 0.1765625 0.0375 0.03359375 0.0703125
0 0.27265625 0.07578125 0.034375 0.0640625
0 0.57890625 0.040625 0.01875 0.0578125