0 0.1953125 0.40546875 0.02109375 0.04609375
0 0.42578125 0.4 0.01484375 0.04609375
0 0.60703125 0.3765625 0.0125 0.04609375
0 0.4734375 0.415625 0.0109375 0.0234375
0 0.4859375 0.415625 0.0125 0.02578125
0 0.5140625 0.403125 0.01796875 0.02890625
0 0.4734375 0.37890625 0.01796875 0.025
0 0.49140625 0.3828125 0.01171875 0.03046875
0 0.51015625 0.3828125 0.01328125 0.025
0 0.475 0.36796875 0.01484375 0.01875
0 0.503125 0.38125 0.0140625 0.0265625
0 0.52734375 0.35078125 0.0109375 0.0359375
0 0.53515625 0.346875 0.009375 0.03984375
0 0.5265625 0.3421875 0.0109375 0.0421875
0 0.60078125 0.30859375 0.01796875 0.02109375
0 0.90390625 0.0921875 0.01171875 0.021875
0 0.90859375 0.09453125 0.0125 0.02109375
0 0.821875 0.07265625 0.00859375 0.01875
0 0.84140625 0.06875 0.00625 0.0171875
0 0.83515625 0.0765625 0.00703125 0.02109375
0 0.82890625 0.07421875 0.00625 0.0171875
0 0.80859375 0.74375 0.02890625 0.05546875
0 0.625 0.1125 0.009375 0.0140625
0 0.61484375 0.11015625 0.0125 0.0125
0 0.6125 0.10390625 0.0078125 0.01015625
0 0.62265625 0.10703125 0.01015625 0.0125