0 0.6561502464515309 0.9850149616950485 0.049984589448421345 0.02825397477225664
0 0.7221924754048434 0.9810839190441101 0.05605257892507769 0.02534722958157971
0 0.8068573597892371 0.8015998048862922 0.037302578925077864 0.02469246515360979
0 0.6289668491953062 0.8663368835647475 0.04842208944842134 0.02819941106992587
0 0.6140853018402597 0.8517833102437699 0.055961573663405775 0.023784729581579712
0 0.6406933044710955 0.8534921431833944 0.052745568401734035 0.022113102176918177
0 0.6150569966632924 0.7613765650530933 0.05283657366340595 0.023675602176918175
0 0.6270942650791438 0.7672545428205747 0.05743306840173403 0.022276793283910835
0 0.6562280282333235 0.7721702213136955 0.05283657366340577 0.023675602176918175
0 0.7073586177523321 0.7263964190441101 0.05283657366340577 0.023675602176918175
0 0.7222023677523322 0.7269147742162532 0.05145608418674961 0.026746038474587407
0 0.7177886125612474 0.651133524216253 0.052745568401734035 0.022113102176918177
0 0.8138977731128259 0.6279812556119316 0.041717063140062294 0.02016865626060227
0 0.8539690362670054 0.6332788800213685 0.038228042093374624 0.013809528855940556
0 0.8621077599586464 0.6257664803841883 0.03988154735504672 0.015426592558271324
0 0.874486662617717 0.5973513037051659 0.036847552616718814 0.01687996515360979
0 0.8837567048522663 0.46201400443080526 0.03841005261671846 0.016934528855940555
0 0.8133707972138723 0.1905730248492253 0.04466005261671846 0.01715278366526398
0 0.7906844551346148 0.16249266486775876 0.03519404735504672 0.015262901451278843
0 0.774612134102045 0.14088055969561566 0.04511507892507769 0.02496528366526398
0 0.7591845551769673 0.11695198637463795 0.04189907366340577 0.02329365626060227
0 0.7438479815135614 0.09458591305366024 0.04520608418674961 0.02652778366526396
0 0.7209796289109602 0.06338055307219367 0.0448420631400623 0.020277783665263983
0 0.6916337631541796 0.028050688281403703 0.04576752630835923 0.009394847367594817
0 0.588864349901178 0.12425851096940921 0.051092063140062295 0.02049603847458741
0 0.6228067103962868 0.15818956686719177 0.051638094710093264 0.029871038474587407
0 0.551288026167185 0.17518360470880698 0.05972361049510866 0.03483135698624169
0 0.585875128769786 0.20679819245775494 0.056598610495108836 0.03472222958157998
0 0.6158202340032229 0.23903033909971033 0.05118306840173403 0.022058538474587407
0 0.65100730510638 0.18724214980681633 0.05016659997176518 0.031378974772256554
0 0.6730944077089811 0.2184202279371174 0.049984589448421345 0.02825397477225646
0 0.6971612392648948 0.2434301516209149 0.05007559471009344 0.029816474772256463
0 0.6455378260824803 0.2673562357416658 0.05301858418674961 0.026800602176918265
0 0.7171398102974648 0.2651786660488851 0.04180806840173403 0.02173115626060227
0 0.7372093865917065 0.2884896804768554 0.04640456314006212 0.020332347367594837
0 0.760585973409292 0.3150348223094874 0.04153505261671846 0.01704365626060227
0 0.7025158681758551 0.2818205290255766 0.0604670631400623 0.02082342068857255
0 0.6719939102692299 0.29322925497895946 0.053473610495108834 0.034613102176918174
0 0.6928447365634718 0.3165675512580951 0.04824007892507787 0.025074411069925695
0 0.7151215549652058 0.3376166612395617 0.04355257892507787 0.024910719962933127
0 0.7300941075819243 0.3537327345605394 0.044842063140062116 0.020277783665263983
0 0.7712482705525773 0.5516444449048257 0.039790542093374626 0.013864092558271323
0 0.7702773047534442 0.5617461312024948 0.03059755261671846 0.016661710344286363
0 0.759779420510225 0.595684621583848 0.022876057878390376 0.017951391832631815
0 0.7424554126177171 0.5927406708582085 0.04613154735504672 0.01564484736759475
0 0.7235234020943734 0.5889609064302382 0.040336573663405775 0.023239092558271324
0 0.7513599757577794 0.6117634893698629 0.04640456314006229 0.02033234736759475
0 0.6636709889825461 0.538531831295162 0.044387036831702885 0.012465283665263982
0 0.6410224442583354 0.52448668946253 0.0526545631400623 0.020550602176918176
0 0.6077626232257655 0.5022743835647475 0.05770608418674961 0.026964293283910833
0 0.5815795548240315 0.4810888643274538 0.05439907366340595 0.023730165879249122
0 0.5365099785297895 0.4569048306621898 0.061013094710093266 0.03019842068857237
0 0.4985171548663837 0.43374758365741484 0.06248458944842135 0.028690484390903492
0 0.4586888154179623 0.4058482729503088 0.07267863680346806 0.043080366604888454
0 0.42175796281536126 0.3741518396478645 0.07267863680346806 0.043080366604888544