0 0.33719781862668363 0.272703008176448 0.06618862133990877 0.052642941085271566
0 0.288413778604412 0.43976939466592757 0.06922271467218159 0.045030700184570095
0 0.29117460459104894 0.5379565707918044 0.055051126670908876 0.03475453423772627
0 0.2241496419080497 0.6624745118770757 0.059720445337363495 0.03349242288667433
0 0.19337235658023127 0.6238521028700623 0.044095445337363426 0.03249112739018116
0 0.059088263247958475 0.6246507441399038 0.04244203866963623 0.02457849784053163
0 0.07569450791695836 0.606411883868586 0.042496582670272565 0.029265997840531632
0 0.07820188991886737 0.592199189544112 0.04560340133672711 0.027903756939830337
0 0.07994620325432182 0.5764740599944627 0.055051126670908876 0.03475453423772627
0 0.14733424526577582 0.48784355413436653 0.055014764003818016 0.03162953423772628
0 0.1451723086012303 0.47236874845884047 0.04093408267027252 0.029165868290882458
0 0.15076832793604839 0.46108079503506794 0.03780908267027257 0.028965609191583752
0 0.12096210192554888 0.5402769417035803 0.05032726400381802 0.031329145588778216
0 0.1468342585932761 0.5308123041343664 0.04089772000318166 0.02604086829088246
0 0.11508427192077637 0.575783645127353 0.03466590133672711 0.02720285009228505
0 0.12669393391950373 0.584407673504983 0.034647720003181705 0.025640350092285047
0 0.8167173078851416 0.7931252182355091 0.0615193026734544 0.05390505243632351
0 0.8110400198918232 0.7443069864341064 0.05992044000636341 0.05067992288667415
0 0.47570250389882285 0.7142723396087105 0.03624658267027261 0.0288654796419344
0 0.47932694322886843 0.7382407657345871 0.03782726400381797 0.030528109191583754