0 0.215625 0.18515625 0.0078125 0.0125
0 0.21796875 0.17734375 0.00703125 0.01640625
0 0.2 0.1875 0.00625 0.02265625
0 0.30390625 0.31796875 0.009375 0.034375
0 0.265625 0.49453125 0.009375 0.03203125
0 0.2703125 0.55078125 0.0078125 0.0328125
0 0.265625 0.809375 0.0125 0.03671875
0 0.778125 0.9078125 0.0109375 0.02890625
0 0.75703125 0.84609375 0.0125 0.046875
0 0.65546875 0.42890625 0.00703125 0.02265625
0 0.6625 0.42421875 0.009375 0.03203125
0 0.62265625 0.40546875 0.00703125 0.02890625
0 0.64296875 0.30234375 0.0078125 0.03046875
0 0.6828125 0.15703125 0.00703125 0.03046875