0 0.022835873965637944 0.5198929689827534 0.04567174793127589 0.03208906203449331
0 0.039394475930957726 0.5064832863939301 0.06284544533736346 0.032598484284234355
0 0.10383768925050381 0.6049892528954841 0.05512385200509069 0.04004711124870504
0 0.09418996924732213 0.6288634005381193 0.06128294533736345 0.03252570967712849
0 0.05984114656273205 0.7624229172873422 0.05824885200509069 0.040192660462916766
0 0.23420425254618737 0.8761107739879332 0.05981135200509069 0.04026543507002245
0 0.2532815165500054 0.847112478702663 0.06607953333863606 0.0421190334984459
0 0.2651729892186871 0.8317229191493691 0.06291817067154523 0.03884848428423453
0 0.2732127558880052 0.8118277961138398 0.0614465773392725 0.04658820967712849
0 0.31173945389086866 0.7889510682397463 0.05199885200509069 0.03990156203449331
0 0.3149729945496872 0.8465816317219815 0.05668635200509069 0.040119885855811076
0 0.34878492055223254 0.8262669776692058 0.0582852146721816 0.04331766046291676
0 0.3804081852323683 0.7256291228306415 0.05343408267027261 0.029036836641598996
0 0.4364854625636866 0.7378529869748307 0.05345226400381797 0.030599336641599174
0 0.38021947059995764 0.4734309220448532 0.04707499466899989 0.01937073821317572
0 0.39975072059995764 0.47252123945603 0.04400453866963616 0.023912688998963993
0 0.4688814339195037 0.5708088821362665 0.04861931333545435 0.017881012820281584
0 0.47582177725177655 0.5782938964042901 0.04865567600254543 0.021006012820281583
0 0.4859234832511402 0.582508361458102 0.04707499466899989 0.01937073821317572
0 0.5593791645846855 0.5775254549241267 0.04394999466899989 0.019225188998963992
0 0.6442285212842295 0.33151728805106917 0.03455681333545435 0.017226041356328815
0 0.6456728426161842 0.3416007634439633 0.03453863200190917 0.015663541356328813
0 0.6448188672820023 0.3478871507475162 0.034538632001908987 0.015663541356328813
0 0.5863983872931382 0.26862133581753883 0.040824994668999894 0.019079639784752266
0 0.6011694119589565 0.27417997705003316 0.040861357336090795 0.02220463978475227
0 0.5389694039624563 0.2513097113342675 0.0377727200031817 0.02518409057054054
0 0.5445199699634108 0.24402375020939698 0.03606476933481808 0.012611315963434677
0 0.5444750639720013 0.1807788875129499 0.04244203866963616 0.02383991439185813
0 0.5219733553071376 0.16855286931598484 0.0392988573360908 0.022131865177646405
0 0.5278420946451373 0.13392315819111433 0.04722044533736351 0.03187073821317572
0 0.5581199406429102 0.14891030335255012 0.050345445337363515 0.03201628742738745
0 0.45126196065404606 0.07190050124285427 0.04563976400381797 0.030235463606069858
0 0.434338089990455 0.050044771921018714 0.04255112667090888 0.033214914391858155
0 0.5217471833227277 0.0537818939230907 0.04881930800445424 0.03506851282028158
0 0.5962022906588185 0.030012600085562474 0.04256930800445424 0.03477741439185815
0 0.6357193239974547 0.0016972210519225566 0.042496582670272606 0.003394442103845113
0 0.6754512492839113 0.33240554590895205 0.03610113200190899 0.015736315963434677
0 0.6986978452816842 0.3477201768023642 0.03137726933481808 0.012392992142117087
0 0.6943557906190476 0.3182510006236817 0.03137726933481808 0.012392992142117176
0 0.6966086339513204 0.32595433871302293 0.02981476933481808 0.012320217535011313
0 0.6957546586171387 0.3322407260165759 0.029851132001908986 0.015445217535011314
0 0.7114523839513204 0.3252629799455173 0.02198408800127254 0.010393844499482085
0 0.7121518179503659 0.33225784264196434 0.02512726933481808 0.012101893713693634
0 0.7218086286203202 0.3076024449993292 0.031413632001908984 0.015517992142117177
0 0.7256148812858203 0.3160142584815646 0.031413632001908984 0.015517992142117087
0 0.7263052246180932 0.3237903711780117 0.02823408800127254 0.010684942927905361
0 0.728558067950366 0.3314937092673529 0.02986931333545435 0.01700771753501131
0 0.743075101289002 0.2917762378034002 0.028288632001908988 0.01537244292790545
0 0.7328097632877293 0.30162427274958825 0.02512726933481808 0.012101893713693723
0 0.7445557852880476 0.2987347131962943 0.021984088001272717 0.010393844499481997
0 0.742102947286775 0.3082188751069531 0.01885908800127254 0.01024829528527027
0 0.7428114719525931 0.31443248780340016 0.02200226933481808 0.011956344499481996
0 0.8184558146085481 0.38977278205521315 0.02512726933481808 0.012101893713693723
0 0.8191825206079117 0.39442389475166023 0.025090906667727352 0.008976893713693635
0 0.8199092266072755 0.3990750074481073 0.02668976933481808 0.012174668320799498
0 0.8174745699395484 0.4069966693587661 0.025163632001908808 0.015226893713693767
0 0.8112427512730938 0.40572526778718954 0.02514545066836362 0.013664393713693768
0 0.810352413271821 0.4151366550907424 0.02198408800127254 0.010393844499482085
0 0.8283484352721391 0.4119559971090251 0.02042158800127254 0.010321069892376045
0 0.829038778604412 0.4197321098054722 0.02042158800127254 0.010321069892376045
0 0.8344166219366848 0.42728989868060163 0.02200226933481808 0.011956344499482085
0 0.8177921959341393 0.4468040320552131 0.02510908800127254 0.010539393713693812
0 0.8233154899347758 0.44186182093034265 0.02351022533418181 0.007341619106587771
0 0.8517223006047303 0.41633312800243727 0.023528406667727354 0.008904119106587772
0 0.8706632046069572 0.39905358271716695 0.025090906667727352 0.008976893713693635
0 0.8699364986075937 0.3944024700207199 0.023564769334818082 0.012029119106587771
0 0.86920979260823 0.3897513573242728 0.02200226933481808 0.011956344499481996
0 0.870054677275639 0.38424622002071984 0.02198408800127254 0.010393844499481997
0 0.8709541059436845 0.37405358271716693 0.02040340666772735 0.008758569892376134
0 0.8733614906110934 0.3684756708065081 0.01729658800127254 0.010175520678164407
0 0.877994446610457 0.37294484698519054 0.018840906667727354 0.008685795285270359
0 0.8804200126114117 0.3658044350745318 0.018822725334181813 0.00712329528527027
0 0.8789120566120481 0.3611897096816376 0.01885908800127254 0.010248295285270359
0 0.9052654712762752 0.377921291360838 0.01411704400063627 0.005342471463952769
0 0.9379421586171386 0.32096066191516803 0.012536362667091083 0.003707196856846906
0 0.9077279472867748 0.3005047667537322 0.015715906667727354 0.008540246071058544
0 0.909254084619684 0.30355699214662635 0.015715906667727354 0.008540246071058544
0 0.8367501865850038 0.5622642121628371 0.02198408800127254 0.010393844499482085
0 0.8220877025780041 0.6144816836267897 0.025163632001908808 0.015226893713693634
0 0.8268115652450948 0.6111383598054723 0.023546588001272538 0.010466619106587772
0 0.8408467932447767 0.6128271383415195 0.02510908800127254 0.010539393713693812
0 0.8424638372454132 0.6080668637344135 0.021965906667727353 0.008831344499482086
0 0.8401468119032772 0.6729833883415195 0.02512726933481808 0.012101893713693811
0 0.8465871685630504 0.7234371526095431 0.02514545066836362 0.013664393713693813
0 0.8283184265595505 0.7500553105912605 0.02510908800127254 0.010539393713693812
0 0.8572974018937323 0.7424589803598021 0.023546588001272538 0.010466619106587772
0 0.3743201752069149 0.9133110593484062 0.05510567067154515 0.03848461124870504
0 0.34981961453696053 0.9386578157585468 0.05668635200509069 0.040119885855811076
0 0.404361663868597 0.948610704509842 0.048946577339272365 0.046006012820281585
0 0.3745287132002334 0.9624934220448532 0.055051126670908876 0.033797111248705033
0 0.6751463311983243 0.9625468101769756 0.048564769334818084 0.013193512820281583
0 0.34981961453696053 0.9386578157585468 0.05352498933799978 0.03684933664159899