0 0.13588766960598964 0.2197650265011457 0.017426517412854548 0.03473867591180557
0 0.0923047659425165 0.20904638525861102 0.018825243102595035 0.03165004350298615
0 0.06718965852471318 0.35668510467340275 0.016853307326946277 0.023801175911805573
0 0.08553022274906442 0.34843619357923605 0.016853307326946277 0.023801175911805573
0 0.1317501255080264 0.33484516584381935 0.01348264586155703 0.01904094072944442
0 0.14166071404263714 0.3299212765011457 0.016607645861556986 0.019113675911805572
0 0.15148941542211813 0.32343488715847213 0.01192014586155703 0.019004573138263935
0 0.12899693973237764 0.3270872172305902 0.01348264586155703 0.01904094072944442
0 0.13179439111185864 0.32076448204822905 0.012002033016686741 0.020567073138263937
0 0.15350561680159913 0.3171303357717013 0.016443871551297517 0.015988675911805573
0 0.8175016762762519 0.5989127854317702 0.034116050429541286 0.055414851823611146
0 0.7493824400710619 0.5379220404657633 0.026139776119281775 0.05210801386770836
0 0.8172250373120999 0.5488582340449992 0.03576043758467122 0.05701371941479181
0 0.8006107473980082 0.5601957775479856 0.0291828889641522 0.05061824905006951
0 0.8271765694242756 0.5447155947023257 0.027702276119281777 0.05214438145888885
0 0.8229837143813213 0.5393377636802772 0.030745388964152198 0.05065461664125017
0 0.7675968515364511 0.5421913131671868 0.018333920171816585 0.022275043502986237
0 0.782556788216611 0.5739134386421522 0.02934666327441171 0.05374324905006951
0 0.35549748473485204 0.23107981373586775 0.01578213025772479 0.03313980832062509
0 0.2705226984388049 0.34100163402434003 0.020715291723113972 0.03793641109416672
0 0.2585959085247132 0.35223007475378454 0.020060194482076098 0.025436411094166722
0 0.2578622461548128 0.3233056409581942 0.013400758706427318 0.017478440729444423
0 0.24408635119776695 0.32910169927881927 0.018170145861557074 0.019150043502986148
0 0.2308051011977669 0.32941082380385395 0.019896420171816497 0.022311411094166723
0 0.2435950282669884 0.31972669927881925 0.014881371551297562 0.015952308320624997
0 0.3080226984388049 0.34012881183600674 0.015208920171816586 0.022202308320624996
0 0.3174386420163698 0.34069185628892334 0.013482645861557074 0.01904094072944442
0 0.3155076498182859 0.33369697388010394 0.014963258706427318 0.017514808320625