0 0.46015625 0.90703125 0.01171875 0.03828125
0 0.53671875 0.91875 0.0171875 0.0203125
0 0.65 0.634375 0.01015625 0.03515625
0 0.82109375 0.7546875 0.0125 0.03828125
0 0.484375 0.809375 0.01171875 0.03203125
0 0.525 0.70625 0.0125 0.03203125
0 0.52265625 0.67734375 0.0125 0.01484375
0 0.51875 0.68984375 0.01953125 0.0265625
0 0.46328125 0.50390625 0.00703125 0.02265625
0 0.63359375 0.534375 0.0109375 0.03828125
0 0.6140625 0.53984375 0.0109375 0.034375
0 0.61484375 0.50078125 0.01015625 0.0390625
0 0.64609375 0.440625 0.00859375 0.0328125
0 0.50703125 0.45703125 0.0078125 0.028125
0 0.46640625 0.5171875 0.009375 0.03203125
0 0.45859375 0.5140625 0.00859375 0.03515625
0 0.46953125 0.4984375 0.00625 0.028125
0 0.475 0.37890625 0.0109375 0.0390625
0 0.76171875 0.4578125 0.0078125 0.03046875
0 0.7703125 0.45625 0.0078125 0.03671875
0 0.48125 0.3296875 0.0109375 0.034375
0 0.490625 0.32890625 0.00625 0.0203125
0 0.4921875 0.29375 0.00546875 0.01875
0 0.4875 0.28515625 0.0078125 0.03203125
0 0.4921875 0.26484375 0.00703125 0.025
0 0.5828125 0.2265625 0.00625 0.0265625
0 0.5796875 0.05 0.00546875 0.0265625
0 0.56015625 0.01875 0.00546875 0.021875
0 0.63359375 0.0375 0.0078125 0.03203125
0 0.56171875 0.07265625 0.0046875 0.01640625
0 0.43828125 0.02109375 0.00625 0.02890625
0 0.68828125 0.15078125 0.00546875 0.01796875
0 0.68515625 0.146875 0.00703125 0.021875