0 0.09453125 0.8484375 0.0203125 0.046875
0 0.409375 0.703125 0.0125 0.03828125
0 0.42265625 0.7046875 0.0125 0.040625
0 0.43125 0.71484375 0.01015625 0.025
0 0.45078125 0.646875 0.00859375 0.03828125
0 0.534375 0.77109375 0.01484375 0.02421875
0 0.53828125 0.696875 0.0125 0.025
0 0.515625 0.51171875 0.0078125 0.0203125
0 0.47265625 0.49609375 0.0109375 0.03515625
0 0.5234375 0.459375 0.0109375 0.02265625
0 0.490625 0.48125 0.01015625 0.0390625
0 0.49765625 0.48125 0.00859375 0.03515625
0 0.49296875 0.38046875 0.0078125 0.03046875
0 0.48515625 0.321875 0.00859375 0.03671875
0 0.20625 0.503125 0.0109375 0.034375
0 0.27890625 0.4359375 0.0109375 0.0421875
0 0.26328125 0.35625 0.0125 0.0421875
0 0.29453125 0.28515625 0.01015625 0.0203125
0 0.28203125 0.25859375 0.009375 0.03046875
0 0.28125 0.28828125 0.01796875 0.03515625
0 0.33359375 0.440625 0.0125 0.028125
0 0.325 0.440625 0.0078125 0.03828125
0 0.46015625 0.43046875 0.009375 0.02890625
0 0.46328125 0.42109375 0.0125 0.028125
0 0.46171875 0.33203125 0.0078125 0.0265625
0 0.34609375 0.34765625 0.00703125 0.03046875
0 0.3609375 0.32265625 0.00390625 0.03203125
0 0.35859375 0.29453125 0.0109375 0.03046875
0 0.3828125 0.36171875 0.009375 0.03828125
0 0.3625 0.365625 0.00703125 0.025
0 0.35625 0.359375 0.00625 0.025
0 0.34765625 0.36171875 0.009375 0.03046875
0 0.35078125 0.2515625 0.00859375 0.0328125
0 0.37890625 0.31328125 0.009375 0.03046875
0 0.36796875 0.31796875 0.00703125 0.01171875
0 0.36796875 0.31015625 0.00625 0.0140625
0 0.38125 0.08046875 0.00703125 0.03203125
0 0.36640625 0.09921875 0.0078125 0.03046875
0 0.39140625 0.15234375 0.0046875 0.02265625
0 0.37890625 0.2171875 0.00703125 0.03046875
0 0.36640625 0.23984375 0.00546875 0.03515625
0 0.3703125 0.2453125 0.0046875 0.01796875
0 0.39609375 0.2609375 0.01015625 0.034375
0 0.40546875 0.25859375 0.009375 0.0328125
0 0.37109375 0.2171875 0.0078125 0.028125
0 0.38984375 0.103125 0.00703125 0.021875
0 0.39296875 0.10234375 0.00546875 0.03203125
0 0.39296875 0.09296875 0.00546875 0.028125
0 0.48984375 0.20234375 0.0078125 0.03671875
0 0.4828125 0.20078125 0.00390625 0.03203125
0 0.46640625 0.225 0.00625 0.021875
0 0.47109375 0.190625 0.00625 0.03046875
0 0.51328125 0.16171875 0.0078125 0.03203125
0 0.5 0.0875 0.00625 0.03515625
0 0.4890625 0.09375 0.0078125 0.03046875
0 0.4765625 0.1109375 0.00625 0.03203125
0 0.47265625 0.1109375 0.0046875 0.034375
0 0.48984375 0.17421875 0.00703125 0.02890625
0 0.4828125 0.175 0.00703125 0.03046875
0 0.47265625 0.17109375 0.00546875 0.02265625
0 0.46484375 0.18203125 0.00390625 0.0140625
0 0.459375 0.18671875 0.00703125 0.025
0 0.46640625 0.11875 0.0046875 0.0140625
0 0.46953125 0.15 0.00546875 0.021875
0 0.17265625 0.49453125 0.009375 0.01875
0 0.16953125 0.4859375 0.01328125 0.040625
0 0.4625 0.1046875 0.0078125 0.02421875
0 0.4703125 0.02734375 0.0046875 0.02421875