0 0.6606821058899334 0.4662497731203423 0.015843254809323425 0.006340903590796287
0 0.6764683077966991 0.4038543122497579 0.014226191106992659 0.004769313231716588
0 0.6715005548014742 0.44053670081343943 0.014280754809323426 0.006331813231716587
0 0.669992618503805 0.44209011045435986 0.014280754809323426 0.006331813231716587
0 0.6648686088851582 0.42956283937712103 0.014280754809323426 0.00633181323171641
0 0.6502604718618497 0.4138560261454044 0.015897818511654192 0.00790340359079611
0 0.6262599766711731 0.4199651255796703 0.020530754809323426 0.006368174668035032
0 0.664613148540872 0.3998798845566608 0.018968254809323425 0.00635908430895551
0 0.6632689033501954 0.4061207941975812 0.015734127404661714 0.00321590359079611
0 0.664404817415346 0.416281589377121 0.012772818511654193 0.007885222872636887
0 0.6673388444571879 0.4108310200952802 0.012609127404661713 0.0031977228726368877
0 0.6814831900106842 0.41325658332699683 0.01578869110699266 0.004778403590796287
0 0.6891146407363237 0.430484989942855 0.015843254809323425 0.006340903590796287
0 0.6814385499921507 0.43434578814745695 0.015843254809323425 0.00634090359079611
0 0.6908061155085802 0.478922489942855 0.015734127404661714 0.0032159035907962873
0 0.6915700073412122 0.500797489942855 0.017405754809323427 0.00634999394987581
0 0.6715848895551974 0.51005431527482 0.014335318511654194 0.007894313231716587
0 0.6513071058899333 0.4661952309658647 0.014171627404661713 0.00320681323171641
0 0.7102406509879426 0.565736688713191 0.014171627404661713 0.00320681323171641
0 0.7198785458157996 0.5509520260472085 0.004851191106992658 0.004714771077238921
0 0.11306312765911575 0.9785840631335209 0.02716270072563942 0.0173420361043533
0 0.47586073882170865 0.9221129119786114 0.012881945916316084 0.011010222872636888
0 0.4828647069705433 0.9213725685944698 0.025381945916316085 0.011082945745273775
0 0.2692361280376339 0.12732206586399522 0.028725200725639423 0.017351126463433085
0 0.3233085583448533 0.1994970477136226 0.02576389183263199 0.022020445745273863