0 0.9410360013373822 0.4245979541424255 0.031512079953513704 0.049583505931499114
0 0.9372497196584988 0.3554977856633564 0.03373014381548387 0.05902217292769345
0 0.7537430869908792 0.2571372456257378 0.0242787341605581 0.035266337946721474
0 0.8198112113606253 0.4439461789335546 0.03329310124083733 0.05277217292769336
0 0.8046561049240081 0.458998175967805 0.028933383171822414 0.05726867193911041
0 0.8065681661880884 0.431654425967805 0.02548060124083733 0.05245383794672165
0 0.7127417565331624 0.45133557319233597 0.02860560124083733 0.052581171939110403
0 0.7190845916824562 0.4390584076790163 0.02758940445914604 0.06033000494291585
0 0.7234496635901984 0.4102476581733079 0.030168101240837332 0.05264483893530465
0 0.6764379057965282 0.35427223079699016 0.028714861884498965 0.054143671939110224
0 0.6774212515894839 0.34020973079699013 0.028714861884499142 0.054143671939110224
0 0.5999682409458221 0.3386207144853678 0.020902361884498965 0.053825336958138334
0 0.5763282811746805 0.23972295805957716 0.02326253737886681 0.04301517095052709
0 0.5816220685535474 0.19763095855386875 0.01679401609154336 0.03963550296574954
0 0.574355871771856 0.1895001235728968 0.016903276735204996 0.04119800296574949
0 0.5448704675648117 0.17419611714710617 0.01991901609154336 0.039762836958138335
0 0.4058461723922747 0.15677917098770813 0.01679401609154336 0.03963550296574949
0 0.12781972535848185 0.21126244665368965 0.02046531930985207 0.047575336958138315
0 0.09967294602538669 0.23283635771838496 0.019919016091543385 0.039762836958138335
0 0.07759585023243107 0.24603935326976067 0.026606058666190303 0.04626750494291585
0 0.05379236347398285 0.261522431824942 0.027950037378866855 0.04320617193911023
0 0.030043507037365504 0.2762242603801234 0.029731058666190312 0.046394838935304605
0 0.004502193679598186 0.2968577539543327 0.009004387359196371 0.046076503954332715
0 0.06041443202753026 0.4357239357792747 0.027152361884498988 0.05408000494291585
0 0.0947401555444267 0.40421660920125974 0.028605601240837265 0.05258117193911023
0 0.11309703561415603 0.4778278641441756 0.04666718639013112 0.06578150889724857
0 0.1451882697747142 0.44466253707186904 0.041542643815484184 0.05934050790866543
0 0.17773297200428714 0.4162165434976597 0.027043101240837242 0.05251750494291585
0 0.12477721680850706 0.3780188651327588 0.03496486188449897 0.05439833992388783
0 0.1561036264634331 0.3557910380604522 0.027043101240837242 0.05251750494291585
0 0.18190665579652826 0.33412162650146526 0.03496486188449901 0.05439833992388783
0 0.20637142423386012 0.38761138243296434 0.033402361884498966 0.05433467292769345
0 0.2052566744859617 0.31391921444818677 0.02326253737886681 0.04301517095052709
0 0.2292240522099025 0.29609238589300546 0.029731058666190347 0.046394838935304605
0 0.25435509218665936 0.2728286408359213 0.02170003737886681 0.04295150395433271
0 0.2213515680493443 0.3302445514063251 0.02602690445914586 0.06026633794672147
0 0.23322885517610964 0.3620675543720746 0.03663662252816078 0.05602450692008221
0 0.2573601238655431 0.34189697581689327 0.026824579953513793 0.049392504942915846
0 0.27842102287680737 0.3208178132693232 0.02482503737886681 0.043078837946721474
0 0.29508399899159377 0.30661073323126703 0.02805929802252862 0.04476867193911023
0 0.4977062544394755 0.2772601087441492 0.02013753737886681 0.04288783695813834
0 0.5085344937958137 0.27926827771750995 0.01770095222957302 0.03032416996194396
0 0.5428712889683507 0.29241953513188373 0.01871714901126431 0.022575336958138337
0 0.5392710415662407 0.31029278463759213 0.02046531930985207 0.047575336958138335
0 0.5364520441641308 0.3281978676413978 0.02460651609154336 0.03995383794672147
0 0.559512485750042 0.30093237209002205 0.02046531930985207 0.047575336958138335
0 0.48453462906132316 0.3871935242574688 0.02046531930985207 0.047575336958138335
0 0.469669099728228 0.4093086047898165 0.0210116225281606 0.055387836958138335
0 0.4470074958895006 0.4420746838392894 0.0272616225281606 0.05564250494291585
0 0.4264546952690821 0.4670919298849567 0.033620883171822415 0.05745967292769336
0 0.4013565062810608 0.5122943419382352 0.03216764381548418 0.05895850593149898
0 0.37758587051134834 0.549716087489611 0.0371829257464694 0.06383700692008229
0 0.3490184740979741 0.5885093320524035 0.04408848960843983 0.07346667490485963
0 0.3167633489719234 0.6240184091247101 0.04743201089576328 0.07671900889724856