0 0.0619967542888417 0.46037939060688354 0.02921860829407405 0.014795823637421535
0 0.06898904806828618 0.45164211939505616 0.04355451036759257 0.01906873545613248
0 0.17629299161217493 0.525557593641301 0.04423801555138884 0.02688123545613248
0 0.10351101955740663 0.41179824045710234 0.026640412441111084 0.020790732122152634
0 0.12297391903902702 0.412611312427534 0.021952912441111038 0.020408094849248926
0 0.27696835193249925 0.39958463819098755 0.03839811866166656 0.03105855242559432
0 0.22583649594749944 0.31163835697722053 0.029902113477870352 0.022608323637421622
0 0.20260404750263833 0.31206892061270247 0.026093608294074054 0.014540732122152544
0 0.5477401817156938 0.39143639577703115 0.03873030933083328 0.017123598183228773
0 0.5450642410465271 0.4051800313829449 0.038456907257314835 0.013998598183228772
0 0.5145653882190733 0.47327645607853325 0.02935530933083328 0.016358323637421533
0 0.49595208925583256 0.47330840698691884 0.022831907257314654 0.012723140606883555
0 0.4042225019797675 0.5596767284983086 0.02310530933083328 0.015848140606883554
0 0.41631239886948973 0.5560095945593849 0.024941211404351904 0.019100686364518005
0 0.588264602780971 0.6507156719898284 0.03873030933083328 0.01712359818322895
0 0.6361259043361099 0.6569495675976816 0.040292809330833276 0.0172511439408634
0 0.6593310840720362 0.47888821153854505 0.02134731969842587 0.031218049091614474
0 0.43742881536310135 0.2831459215307864 0.04341780933083328 0.01750623545613248
0 0.43723332573069396 0.29864337577315186 0.035468608294074146 0.015306006667959782
0 0.17537929175319417 0.15160978167280895 0.031738015551388846 0.025860869395056163
0 0.16124844123481455 0.14968061985409814 0.022831907257314786 0.012723140606883464
0 0.40139427907652736 0.22590750637809567 0.04070291244111104 0.021938643940863402
0 0.6441147701230545 0.6064074336587579 0.019570206220555518 0.010905549091614475
0 0.6528062649392583 0.5993602082045651 0.027519407257314655 0.013105777879787084
0 0.670403868049536 0.605450711538545 0.03091780933083328 0.01648586939505616
0 0.6661948216781933 0.6105368242656415 0.03560530933083328 0.016868506667959693
0 0.7441647053256009 0.5176156138143582 0.022968608294074145 0.014285640606883554
0 0.8799750662115731 0.5449907989709282 0.019648118661666557 0.029528003333979848
0 0.8900629656931935 0.5450385963955526 0.022558505183796384 0.009598140606883554
0 0.7079325538177302 0.6620354224488703 0.027246005183796385 0.009980777879787083
0 0.7164579532993507 0.6619556741158602 0.03207020622055552 0.011925915152690791
0 0.8986942548544896 0.6791585048802837 0.038456907257314654 0.01399859818322895
0 0.9908767983743516 0.45688450533932556 0.018246403251296783 0.015050915152690792
0 0.9915213473375921 0.4531058010969602 0.016957305324815763 0.01348841515269079
0 0.9927553748353468 0.6845152977629803 0.014489250329306457 0.012053460910325242
0 0.9783148213953694 0.5607749088230867 0.02269520622055552 0.011160640606883376
0 0.8111765480682862 0.5122263542714605 0.02283190725731492 0.012723140606883376