0 0.2125 0.21796875 0.0359375 0.06796875
0 0.30625 0.20546875 0.0328125 0.0609375
0 0.2203125 0.25703125 0.03125 0.05546875
0 0.13828125 0.3015625 0.03203125 0.0578125
0 0.3921875 0.17265625 0.02109375 0.04765625
0 0.19453125 0.42734375 0.05078125 0.078125
0 0.21015625 0.48828125 0.03984375 0.075
0 0.265625 0.56953125 0.0375 0.0765625
0 0.34296875 0.46796875 0.04140625 0.06953125
0 0.42109375 0.40625 0.03359375 0.075
0 0.6125 0.28671875 0.02109375 0.07421875
0 0.43203125 0.184375 0.0265625 0.06875
0 0.44375 0.20078125 0.01953125 0.0734375
0 0.4609375 0.14765625 0.02421875 0.0515625
0 0.53828125 0.11640625 0.01875 0.04765625
0 0.684375 0.24453125 0.028125 0.0703125
0 0.7625 0.3265625 0.02890625 0.06953125
0 0.69375 0.390625 0.0265625 0.0859375
0 0.63359375 0.478125 0.025 0.078125
0 0.58828125 0.17265625 0.01953125 0.06484375
0 0.5609375 0.28203125 0.02890625 0.07890625
0 0.5 0.2234375 0.03125 0.065625
0 0.42421875 0.25625 0.02890625 0.07265625
0 0.33984375 0.315625 0.034375 0.0734375
0 0.24375 0.359375 0.02578125 0.0765625
0 0.15078125 0.33125 0.03203125 0.05234375
0 0.17109375 0.36796875 0.05390625 0.05390625
0 0.2953125 0.634375 0.05546875 0.0515625
0 0.384375 0.65859375 0.05703125 0.090625
0 0.51484375 0.7328125 0.03359375 0.0828125
0 0.48359375 0.56015625 0.040625 0.11171875
0 0.58203125 0.1140625 0.02109375 0.04609375
0 0.59609375 0.1296875 0.0171875 0.0484375