0 0.03984375 0.06875 0.01796875 0.0375
0 0.34453125 0.58828125 0.0171875 0.03046875
0 0.31015625 0.48984375 0.01484375 0.02578125
0 0.31015625 0.46484375 0.01875 0.025
0 0.3453125 0.55546875 0.01484375 0.02890625
0 0.3203125 0.58046875 0.0203125 0.02578125
0 0.33359375 0.54765625 0.01640625 0.03046875
0 0.30859375 0.565625 0.01796875 0.0296875
0 0.30859375 0.5484375 0.01796875 0.0203125
0 0.18125 0.7765625 0.0265625 0.03359375
0 0.19921875 0.75234375 0.02578125 0.034375
0 0.171875 0.73984375 0.025 0.03125
0 0.1875 0.7234375 0.02421875 0.03125
0 0.0390625 0.7796875 0.0359375 0.05234375
0 0.05859375 0.76015625 0.02578125 0.040625
0 0.0140625 0.92421875 0.028125 0.0484375
0 0.01171875 0.89296875 0.02265625 0.0421875
0 0.6859375 0.46875 0.0171875 0.0484375
0 0.7171875 0.303125 0.015625 0.0421875
0 0.6203125 0.31171875 0.0109375 0.04296875
0 0.66171875 0.3390625 0.01484375 0.0421875
0 0.82578125 0.50625 0.01953125 0.046875