0 0.05918473371879923 0.440715276237772 0.04037269448207603 0.027275131541796328
0 0.0518359011770823 0.4912235104527566 0.03552142017181654 0.023877115756780753
0 0.02248865615189364 0.7245064473126943 0.04497731230378728 0.030855157850155378
0 0.05782811510817779 0.8105118367469984 0.02729948439616776 0.015609589448421701
0 0.07912658299600217 0.8078341577795684 0.03724769448207603 0.027093121018452494
0 0.10306537200558274 0.8444919945971538 0.03708392017181654 0.02396812101845249
0 0.1027953770939654 0.9244070077513336 0.0324783073269463 0.025257605233436918
0 0.6924454545472998 0.8278832203549331 0.015952548620519025 0.007160052616718459
0 0.7130755370890166 0.7781485308641594 0.017515048620519023 0.007251057878390377
0 0.7128298756236273 0.7828360308641594 0.017678822930778538 0.010376057878390377
0 0.6433982021724505 0.6722177783039107 0.020803822930778537 0.010558068401734034
0 0.6069660572154045 0.6646104046546222 0.022611984396167628 0.015336573663405772
0 0.6116602012679394 0.6946619257013096 0.020721935775648605 0.008995568401734034
0 0.602206636139077 0.7105676467621145 0.020803822930778537 0.010558068401734034
0 0.5757260232942067 0.707458057313693 0.02236632293077854 0.01064907366340595
0 0.4448445154922906 0.6927823653332577 0.03215075870642714 0.01900760523343692
0 0.44698354760446624 0.6968251232257654 0.03190509724103805 0.014320105233436919
0 0.4417637810961228 0.70670835744075 0.03206887155129756 0.017445105233436918
0 0.20582520183376624 0.8724188444983317 0.03716580732694632 0.025530621018452493
0 0.33712611149013316 0.9239497943712749 0.033713258706427315 0.019098610495108657
0 0.3368837720510113 0.9435265470021108 0.028861984396167807 0.01570059471009344
0 0.2679290541631869 0.9434285654885495 0.02590075870642732 0.018643584186749607
0 0.28174589269779765 0.948935112843596 0.033795145861556984 0.02066111049510866
0 0.278170513344584 0.9573468523202525 0.033713258706427315 0.019098610495108657
0 0.4754316949363613 0.8567762468750539 0.020803822930778537 0.010558068401734034
0 0.6634274191557636 0.6937588493364806 0.020885710085908116 0.012120568401734033