0 0.54453125 0.7109375 0.0171875 0.0265625
0 0.55625 0.7046875 0.01484375 0.02265625
0 0.4359375 0.62421875 0.01484375 0.02265625
0 0.4375 0.646875 0.015625 0.028125
0 0.4625 0.5484375 0.0125 0.0328125
0 0.425 0.51875 0.00859375 0.03046875
0 0.42578125 0.5234375 0.0078125 0.02890625
0 0.43515625 0.5109375 0.00625 0.02890625
0 0.45390625 0.48515625 0.01015625 0.034375
0 0.7046875 0.5859375 0.00859375 0.0328125
0 0.475 0.3703125 0.009375 0.01875
0 0.475 0.35859375 0.00859375 0.01875
0 0.596875 0.23359375 0.00703125 0.03046875
0 0.60234375 0.2578125 0.00546875 0.01484375
0 0.58828125 0.08984375 0.01484375 0.01484375
0 0.58984375 0.0765625 0.00390625 0.01640625
0 0.59375 0.07421875 0.00703125 0.0265625
0 0.603125 0.0734375 0.00703125 0.025
0 0.5953125 0.0421875 0.00859375 0.028125
0 0.58359375 0.0421875 0.0078125 0.025
0 0.54375 0.11015625 0.00625 0.034375
0 0.4140625 0.19296875 0.00625 0.03046875
0 0.4359375 0.15703125 0.00625 0.03046875
0 0.44453125 0.12109375 0.00859375 0.03203125
0 0.4125 0.01484375 0.00703125 0.028125
0 0.45390625 0.0203125 0.00859375 0.01796875
0 0.52421875 0.0609375 0.00390625 0.0125
0 0.5234375 0.07734375 0.00390625 0.0125
0 0.52890625 0.053125 0.00390625 0.02265625
0 0.521875 0.0453125 0.0046875 0.01640625
0 0.52734375 0.02890625 0.0046875 0.0265625
0 0.515625 0.03671875 0.00390625 0.01796875
0 0.5203125 0.01640625 0.00625 0.01484375
0 0.53984375 0.21171875 0.0046875 0.028125
0 0.54375 0.20859375 0.0046875 0.02421875
0 0.5453125 0.21875 0.00390625 0.021875
0 0.5484375 0.228125 0.0078125 0.0328125
0 0.725 0.5703125 0.01015625 0.0265625
0 0.72890625 0.58359375 0.01640625 0.03046875
0 0.596875 0.021875 0.0046875 0.01875
0 0.60234375 0.02734375 0.00859375 0.02421875