0 0.5140625 0.63828125 0.00703125 0.0390625
0 0.4890625 0.634375 0.00859375 0.0515625
0 0.47734375 0.62421875 0.01484375 0.0609375
0 0.47421875 0.6109375 0.00546875 0.028125
0 0.44375 0.62421875 0.009375 0.059375
0 0.4609375 0.6265625 0.0109375 0.05859375
0 0.7078125 0.55703125 0.0078125 0.04765625
0 0.70390625 0.55 0.00703125 0.0265625
0 0.74296875 0.37109375 0.0046875 0.0203125
0 0.73046875 0.371875 0.00546875 0.01953125
0 0.72265625 0.37265625 0.00390625 0.01875
0 0.625 0.28515625 0.00390625 0.01328125
0 0.66328125 0.3015625 0.00234375 0.01640625
0 0.66015625 0.3015625 0.00234375 0.015625
0 0.575 0.26953125 0.00390625 0.0140625
0 0.578125 0.27109375 0.003125 0.01171875
0 0.59609375 0.2765625 0.00234375 0.01171875
0 0.69140625 0.3109375 0.00390625 0.01640625
0 0.70234375 0.31328125 0.00234375 0.0140625
0 0.6984375 0.315625 0.003125 0.009375
0 0.65234375 0.303125 0.00390625 0.01328125
0 0.65 0.30078125 0.00390625 0.01171875
0 0.65234375 0.30078125 0.00390625 0.0140625
0 0.48203125 0.2953125 0.00234375 0.01015625
0 0.48359375 0.29609375 0.003125 0.0109375
0 0.4890625 0.29296875 0.003125 0.01328125
0 0.49140625 0.29296875 0.003125 0.01328125