0 0.7277854184570024 0.22610448157109264 0.03902964901126431 0.02384029172311406
0 0.7136518626408036 0.23703865954482528 0.02987317029858776 0.026473968792335524
0 0.6856250516288249 0.28477015264742034 0.0342328883676025 0.02203213025772479
0 0.831510988018956 0.3414218651081778 0.0482953883676025 0.02276911465389251
0 0.8185189511442923 0.4471738981248645 0.037357888367602496 0.022195904567984214
0 0.7908802702020428 0.4219625361845054 0.04338936708027887 0.01939845318850324
0 0.773414264754161 0.3852404641582381 0.0482953883676025 0.02276911465389251
0 0.8044075386393746 0.3687180274780782 0.0342328883676025 0.02203213025772479
0 0.5587294158591123 0.2529989314802356 0.024530106436617415 0.016853307326946343
0 0.5537687642499579 0.24933834294562485 0.030780106436617417 0.017180855947465278
0 0.3125970970534634 0.3662646506112554 0.027764367080279052 0.018579581637205765
0 0.31329585560343814 0.5332441106971636 0.043498627723940864 0.020960953188503238
0 0.31389678914357766 0.5418378606971637 0.038811127723940866 0.02071529172311415
0 0.15011814843018662 0.621775423451177 0.03412362772394082 0.020469630257724702
0 0.13689152875201746 0.6232527142697798 0.035467606436617324 0.017426517412854635
0 0.09379173877526059 0.6012039738807182 0.04193612772394082 0.02087906603337366
0 0.0730311245449731 0.6407135312076645 0.02118658514929388 0.013564533016686831