0 0.3390625 0.47734375 0.00390625 0.015625
0 0.409375 0.40859375 0.00546875 0.01328125
0 0.42421875 0.49140625 0.0046875 0.0171875
0 0.10234375 0.109375 0.00234375 0.00859375
0 0.10234375 0.10078125 0.00234375 0.0078125
0 0.12109375 0.09609375 0.00234375 0.0078125
0 0.115625 0.09765625 0.00234375 0.0078125
0 0.1140625 0.0984375 0.00234375 0.00859375
0 0.10546875 0.10859375 0.00234375 0.00859375
0 0.1078125 0.1078125 0.00234375 0.0078125
0 0.10703125 0.10078125 0.00234375 0.009375
0 0.11015625 0.0984375 0.00234375 0.00703125
0 0.1140625 0.10390625 0.00234375 0.0109375
0 0.1171875 0.1046875 0.00234375 0.00859375
0 0.1203125 0.10390625 0.00234375 0.01015625
0 0.12265625 0.10390625 0.00234375 0.00703125
0 0.128125 0.103125 0.00234375 0.00703125
0 0.1296875 0.10234375 0.00234375 0.00703125
0 0.13203125 0.10234375 0.00234375 0.0078125