0 0.5489258734484037 0.8539288100731784 0.04776588534372692 0.07710794000636341
0 0.5118804067870399 0.8925549580680878 0.025472714672181596 0.04091590133672725
0 0.4995616727800403 0.840856098066497 0.03186816534054522 0.0534886266709087
0 0.49594522943185915 0.7314538260661788 0.038172709341181485 0.05824885200509069
0 0.17110721940640575 0.5401993806890444 0.04769316000954502 0.0708579400063634
0 0.33652368141308725 0.5913362613780888 0.036701116008908664 0.06604317067154533
0 0.3821538074076784 0.5520288607176795 0.02561816534054513 0.053415901336727245
0 0.2494856633911337 0.4286266286998622 0.03986247867599957 0.0692045333386361
0 0.23976521805377024 0.39883004069858946 0.02387385200509069 0.0377727200031817
0 0.1970130020289532 0.21554482602640784 0.02718066534054513 0.05343408267027259
0 0.035831696053452086 0.3941136266709089 0.036592028007636015 0.05666817067154532
0 0.057715786720224815 0.39514941534054515 0.028597714672181557 0.040952264003817976
0 0.42530327605822454 0.4337970287237246 0.03664657200827222 0.06135567067154533
0 0.6706339573917701 0.43821399809035955 0.0335579346753633 0.06444430800445425
0 0.6580612320575883 0.4318185474219959 0.03025112133990877 0.04878294533736351
0 0.7981493353755436 0.32018270810785865 0.04295111600890866 0.06611589600572705
0 0.7817067227084527 0.3168668041056315 0.034956802673454135 0.05039998933799979
0 0.7618936620384982 0.2924207874363135 0.04131589067472685 0.0598477146721816
0 0.5813805533895429 0.4207714120782692 0.04135225334181776 0.06297271467218155
0 0.5623214707192703 0.39399073607572377 0.027089758672817866 0.04562158267027252
0 0.5574067040499523 0.37440494207508745 0.0366829346753633 0.06448067067154514
0 0.917414766669318 0.03020369279117609 0.016079533338636053 0.03924431333545445
0 0.3974755313494538 0.12335896805377025 0.02400112133990877 0.04871022000318169