0 0.48046875 0.06328125 0.00546875 0.028125
0 0.48984375 0.05625 0.00390625 0.0140625
0 0.49609375 0.084375 0.00703125 0.02890625
0 0.50078125 0.08515625 0.00625 0.025
0 0.48984375 0.3359375 0.0046875 0.028125
0 0.4953125 0.34140625 0.0078125 0.028125
0 0.5546875 0.25859375 0.0078125 0.021875
0 0.5703125 0.2875 0.00390625 0.021875
0 0.46328125 0.24765625 0.009375 0.01484375
0 0.47578125 0.184375 0.00546875 0.02421875
0 0.48203125 0.18671875 0.0046875 0.02265625
0 0.49140625 0.18671875 0.0046875 0.02265625
0 0.49296875 0.1828125 0.00390625 0.025
0 0.4578125 0.6515625 0.009375 0.0390625
0 0.49921875 0.68828125 0.00625 0.021875
0 0.63125 0.67734375 0.01796875 0.025
0 0.6375 0.6671875 0.01015625 0.0265625
0 0.63359375 0.4375 0.0125 0.01640625
0 0.6765625 0.43046875 0.0078125 0.034375
0 0.5875 0.08359375 0.00703125 0.01484375
0 0.59453125 0.0875 0.00625 0.0125
0 0.603125 0.059375 0.00625 0.02265625
0 0.54375 0.07421875 0.015625 0.00859375
0 0.5421875 0.0640625 0.00703125 0.0140625