0 0.38620523383648053 0.47719558173429777 0.045390412441111125 0.022065176764564674
0 0.3969862004246286 0.501544386298401 0.05646461347787035 0.02445647095570571
0 0.41115600716356376 0.5106942433520154 0.07148402073518519 0.03645956348717298
0 0.425355208200323 0.5111911508205482 0.030781108294074145 0.014749584233097579
0 0.42126303049064706 0.5453176970862819 0.06652311866166656 0.0329793659766839
0 0.41344096856791557 0.5278225437669339 0.0646872165881481 0.029735966806520863
0 0.41180339024532353 0.25741495538465153 0.05347631451462949 0.02578217261537983
0 0.42060219180046243 0.2591075099487549 0.030781108294073968 0.01474958423309749
0 0.5911792404808793 0.16832545413525174 0.024394407257314656 0.012713487552445368
0 0.5946849492933329 0.18142910538000717 0.02283190725731483 0.012595088382282339
0 0.5954368049955088 0.19002285538000718 0.020859304147036895 0.0077891892121193075
0 0.713687810462129 0.2652102642984325 0.016171804147036895 0.007433991701630305
0 0.6847624366166661 0.23122635060612237 0.017734304147037073 0.007552390871793246
0 0.6858170886901847 0.23429215102104087 0.019570206220555518 0.010795790041956277
0 0.7437751431200457 0.31247542799074257 0.01644520622055552 0.010558991701630216
0 0.7403767410465271 0.3095872263310686 0.013046804147037072 0.007197193361304244
0 0.7302792796421753 0.2930509217669653 0.01291010311027776 0.005634693361304244
0 0.6675947689917587 0.20578864272267108 0.017871005183796383 0.009114890871793336
0 0.6618820112160643 0.19442509023316018 0.016308505183796385 0.008996491701630216
0 0.6615108643263421 0.19917178981824168 0.011484304147036894 0.007078794191141213
0 0.6865689443923605 0.24288590102104085 0.014746005183796384 0.008878092531467274
0 0.6898306454291199 0.2442116026807148 0.01291010311027776 0.005634693361304244
0 0.688844343873981 0.2419270522657963 0.016308505183796385 0.008996491701630305
0 0.744711509472638 0.4130674238415577 0.01291010311027776 0.005634693361304244
0 0.7430806589542585 0.41240457301172073 0.01134760311027776 0.005516294191141214
0 0.7448776048072213 0.40597697425647616 0.014746005183796207 0.008878092531467274
0 0.7438913032520824 0.4036924238415577 0.014609304147037072 0.007315592531467274