0 0.7653224104369535 0.13397444213512627 0.013809528855940556 0.0384471933613042
0 0.7869518737764647 0.14266328051740862 0.010193455534962936 0.02414789502097814
0 0.6355976717848808 0.3943889560325734 0.017098219962933214 0.04337149170163022
0 0.6418129554501448 0.3509941535430625 0.015426592558271324 0.04012809253146719
0 0.5292409673462263 0.8155876045780366 0.023348219962933216 0.043845088382282425
0 0.5153967221555498 0.8082720120465693 0.013209328130301045 0.021259693361304243
0 0.45729905699409085 0.4082944002190702 0.012247028855940556 0.03832879419114121
0 0.5360912011889756 0.552128755822792 0.018169646641955417 0.029427390871793337
0 0.5326214608076224 0.5393327578973844 0.01973214664195542 0.029545790041956364
0 0.6276363496450295 0.4877837585220844 0.022529764427970278 0.020407588382282425
0 0.6286259307705555 0.5043084076922474 0.016498019237293705 0.026183991701630306
0 0.6353397553574777 0.24475580893700286 0.014136911069925517 0.04782219336130424
0 0.6437970961016505 0.24931325437289945 0.010684528855940557 0.038210395020978186
0 0.7333630491895426 0.39866390416776243 0.015590283665263983 0.044815592531467274
0 0.7249875539988659 0.3917627087318658 0.015317465153609789 0.037003092531467184
0 0.7311383502780017 0.37264585582743637 0.010357146641955417 0.028835395020978184
0 0.7404587865756709 0.37491875084841453 0.017098219962933037 0.04337149170163031
0 0.7430927132546932 0.3892180491887406 0.010684528855940557 0.038210395020978095
0 0.5165351254209272 0.7308098628764063 0.01671627404661713 0.032433991701630305
0 0.4489433429367896 0.8494521964848039 0.016934528855940555 0.0386839917016303
0 0.44202865482502196 0.8904440493892333 0.015863102176918175 0.052628092531467274
0 0.4736532656090966 0.09699004731464081 0.014136911069925696 0.0478221933613042
0 0.5302529512737936 0.22582636495099875 0.013482146641955416 0.029072193361304243
0 0.8122990040067151 0.8299866043775438 0.020114092558271325 0.04048329004195637
0 0.5301661273198437 0.36290031246148785 0.015208337748947897 0.03387809253146727
0 0.6360143340359329 0.4273198552027365 0.00997520072563951 0.01789789502097818
0 0.43993044148551075 0.8832352006339887 0.02049603847458741 0.05142079004195636
0 0.5320064242319515 0.22047601412116177 0.013645837748947898 0.033759693361304244