0 0.59765625 0.475 0.0078125 0.01875
0 0.61953125 0.4796875 0.00625 0.009375
0 0.64140625 0.46171875 0.00859375 0.01171875
0 0.62890625 0.4515625 0.00625 0.0078125
0 0.665625 0.434375 0.00859375 0.00859375
0 0.68359375 0.47578125 0.00703125 0.00859375
0 0.64921875 0.39375 0.00625 0.01015625
0 0.6546875 0.35546875 0.00625 0.01171875
0 0.64609375 0.353125 0.00546875 0.01015625
0 0.028125 0.5421875 0.0078125 0.00859375
0 0.1390625 0.415625 0.0125 0.0140625
0 0.084375 0.28515625 0.0109375 0.01796875
0 0.07109375 0.25390625 0.01328125 0.01640625
0 0.06015625 0.27734375 0.01328125 0.0140625
0 0.05234375 0.28984375 0.0125 0.01171875
0 0.04921875 0.28125 0.0125 0.01015625
0 0.1640625 0.403125 0.01171875 0.01796875
0 0.19296875 0.21875 0.01015625 0.0203125
0 0.06015625 0.1703125 0.015625 0.01015625
0 0.00703125 0.1625 0.01171875 0.0140625
0 0.0828125 0.2078125 0.0125 0.01171875
0 0.1625 0.28515625 0.0109375 0.01796875
0 0.1859375 0.21796875 0.01015625 0.01796875
0 0.16875 0.27890625 0.01015625 0.0140625
0 0.30390625 0.81796875 0.00703125 0.009375
0 0.3125 0.8703125 0.00625 0.0125
0 0.33671875 0.76796875 0.00546875 0.01015625
0 0.28828125 0.8625 0.00859375 0.0125
0 0.6421875 0.684375 0.009375 0.01015625
0 0.521875 0.13828125 0.00390625 0.00546875
0 0.53125 0.10390625 0.00390625 0.00703125