0 0.3743578555132965 0.903125 0.050490923701106104 0.028125
0 0.37554643424782236 0.7921875 0.05515115016215581 0.0265625
0 0.39140148497917104 0.67109375 0.05199887662320544 0.025
0 0.3664168960983754 0.80625 0.03941705600635448 0.0203125
0 0.3694288478026587 0.84453125 0.04588524431795715 0.0328125
0 0.35524361687738226 0.8375 0.050600017856907445 0.034375
0 0.34981577718580775 0.83984375 0.053806838473758486 0.0390625
0 0.3506167978853843 0.6171875 0.05227161201270887 0.040625
0 0.35759350080748364 0.6140625 0.05515115016215581 0.0265625
0 0.3810485917168741 0.5703125 0.050463650162155815 0.0265625
0 0.3693320215070602 0.39140625 0.05229888555165916 0.0421875
0 0.38086776501423836 0.29140625 0.06803297970746058 0.0484375