0 0.3566871754873418 0.4591120751107409 0.012083920171816498 0.022575906847545114
0 0.33510210255656325 0.46983882403100685 0.008385710085908294 0.011438147748246585
0 0.31013972410786084 0.45586596160022064 0.010030097241038049 0.013100777297895938
0 0.32173232134889884 0.4426650547526753 0.008385710085908294 0.011438147748246762
0 0.2816805314348071 0.4343309230435577 0.009866322930778538 0.009975777297895939
0 0.2683273603584794 0.481125579891103 0.009948210085908293 0.011538277297895938
0 0.29338931535600504 0.3891988957456618 0.010030097241038049 0.013100777297895938
0 0.283676800656684 0.35166861736803173 0.008549484396167806 0.014563147748246585
0 0.2916940185445083 0.3472617196197851 0.00846759724103805 0.013000647748246585
0 0.9522386929001965 0.386687846243999 0.00994821008590847 0.011538277297895938
0 0.822033293759279 0.2860241170634899 0.016525758706427494 0.01818879549649326
0 0.8615572184536513 0.14100271129567882 0.01668953301668665 0.021313795496493215
0 0.8711712358665057 0.1061270635474322 0.019814533016686654 0.021514054595791865
0 0.8856088721171244 0.12778201805093897 0.014881371551297207 0.016526165946843908
0 0.8951919120312162 0.13806867597821842 0.01628009724103805 0.013501295496493171
0 0.8980269849619947 0.12854348165374443 0.014799484396167628 0.014963665946843906
0 0.7943177295349277 0.2800139489571777 0.01668953301668665 0.02131379549649317
0 0.7422207202626735 0.10037531616832585 0.015290807326946165 0.024338665946843897
0 0.8726319165537719 0.01882732264673085 0.01956887155129756 0.016826554595791854
0 0.9235326752601992 0.0032742828534502665 0.010193871551297562 0.006548565706900533
0 0.8539737697877037 0.06284743291804872 0.01636198439616763 0.015063795496493216
0 0.7819139840574835 0.16012175355296954 0.015127033016686654 0.02121366594684391
0 0.7485935509953683 0.09763104796972857 0.013564533016686652 0.021113536397194554
0 0.7743880891004377 0.1551536513012161 0.01496325870642714 0.018088665946843906
0 0.702806422435124 0.7335883343669232 0.010030097241038049 0.013100777297895938
0 0.7007625655831476 0.7874445195920985 0.008549484396167806 0.014563147748246585
0 0.6629936499338869 0.6909793322074548 0.008385710085908294 0.011438147748246585
0 0.7240329692466208 0.7742738911221834 0.010111984396167627 0.014663277297895938
0 0.33724669945891705 0.6814877228589876 0.01159259724103805 0.013200906847545291
0 0.39266777758961985 0.09941690006459844 0.005015048620519024 0.006550388648947969
0 0.37794021426977975 0.06843701033591632 0.006659435775648781 0.008213018198597277