0 0.45703125 0.7765625 0.0109375 0.02265625
0 0.44296875 0.9828125 0.00859375 0.03203125
0 0.43359375 0.98359375 0.0109375 0.028125
0 0.39921875 0.72734375 0.01015625 0.04296875
0 0.42421875 0.4953125 0.01015625 0.025
0 0.41328125 0.48828125 0.0078125 0.02890625
0 0.53125 0.74296875 0.01015625 0.03203125
0 0.53125 0.73515625 0.00703125 0.021875
0 0.42421875 0.48828125 0.00859375 0.0140625
0 0.4578125 0.65703125 0.01015625 0.0203125
0 0.46875 0.67734375 0.0078125 0.01796875
0 0.47578125 0.68671875 0.0078125 0.02265625
0 0.47109375 0.6640625 0.0078125 0.01484375
0 0.478125 0.6703125 0.00546875 0.01875
0 0.609375 0.56953125 0.00703125 0.021875
0 0.60390625 0.57265625 0.00625 0.01640625
0 0.58515625 0.5765625 0.01015625 0.0140625
0 0.56015625 0.53671875 0.00625 0.01484375
0 0.57734375 0.53203125 0.00703125 0.02890625
0 0.5703125 0.52734375 0.00859375 0.03671875
0 0.47421875 0.5671875 0.00859375 0.028125
0 0.4578125 0.4515625 0.00859375 0.028125
0 0.4515625 0.4453125 0.00703125 0.03046875
0 0.4640625 0.428125 0.00625 0.03203125
0 0.46796875 0.41953125 0.00703125 0.034375
0 0.55703125 0.3296875 0.0078125 0.0140625
0 0.5765625 0.34453125 0.0078125 0.01171875
0 0.58671875 0.34296875 0.0078125 0.01640625
0 0.584375 0.33046875 0.00859375 0.01875
0 0.66484375 0.21875 0.0078125 0.01640625
0 0.68125 0.21484375 0.00703125 0.02890625
0 0.50625 0.16875 0.00703125 0.028125
0 0.5 0.17578125 0.00390625 0.021875
0 0.46875 0.08984375 0.00625 0.01796875
0 0.58359375 0.07578125 0.0046875 0.0140625
0 0.5796875 0.0828125 0.00390625 0.01015625
0 0.60390625 0.05234375 0.00625 0.025
0 0.61171875 0.0515625 0.0078125 0.0265625
0 0.4671875 0.02734375 0.00859375 0.01875
0 0.71953125 0.3828125 0.01015625 0.021875
0 0.71640625 0.3765625 0.0109375 0.01640625
0 0.6953125 0.265625 0.0078125 0.02421875
0 0.5765625 0.32421875 0.01015625 0.01640625
0 0.4359375 0.17890625 0.0078125 0.01796875