0 0.28125 0.56328125 0.028125 0.040625
0 0.35625 0.553125 0.0203125 0.05078125
0 0.384375 0.6171875 0.01328125 0.06328125
0 0.328125 0.63046875 0.015625 0.07734375
0 0.32421875 0.61953125 0.01015625 0.07890625
0 0.31796875 0.6171875 0.01640625 0.06953125
0 0.31796875 0.609375 0.01015625 0.078125
0 0.4859375 0.71328125 0.0203125 0.06015625
0 0.51171875 0.52109375 0.0125 0.04765625
0 0.696875 0.4734375 0.00859375 0.0453125
0 0.68359375 0.4890625 0.01484375 0.028125
0 0.75625 0.49609375 0.0109375 0.03046875
0 0.76484375 0.478125 0.00546875 0.03984375
0 0.76875 0.4703125 0.0046875 0.021875
0 0.74140625 0.47421875 0.0046875 0.01796875