0 0.10333978908621644 0.5790777995135327 0.09479252965749523 0.14217959172016936
0 0.16710917593062402 0.4364578770302425 0.0581891847906915 0.08689207386326192
0 0.280586744105682 0.3625509983784422 0.04004667984777566 0.0631545649348082
0 0.3244640780980708 0.3649123392878327 0.06325868676785795 0.09634889448011297
0 0.365742994105682 0.36106459050564865 0.05174818380210837 0.08209547970746059
0 0.39908473471414185 0.315919685879266 0.04855951680591399 0.08047843262955982
0 0.4971096937251211 0.5151327073896215 0.09080536661563343 0.1592852711033183
0 0.4908703280980708 0.36200770738962146 0.05930601581733086 0.07598184740221221
0 0.4568746714819998 0.4102912487854793 0.06077035672980173 0.11191934740221221
0 0.44171258650102774 0.4027378474055075 0.058825854752635465 0.10251707386326192
0 0.12432345113949497 0.5568209699682279 0.09010502965749523 0.1420977711033185
0 0.3048651384016444 0.6513953100668395 0.12919670456235507 0.1818148360381265
0 0.3392083049035472 0.650014042209932 0.08704369665368965 0.14360572402541774
0 0.11298799760290416 0.7774880259745823 0.10094437056996623 0.1781989123370204
0 0.2807684052075584 0.7315600969984704 0.13490287650146532 0.20689665665497756
0 0.3770213226980444 0.7337890243530245 0.11025570357377186 0.1768000535707225
0 0.46230756528367056 0.6971190929412806 0.11519787155854946 0.18313187418757337
0 0.5807564763483659 0.6684701672115796 0.10575920456235507 0.18140573295387147
0 0.6980593814815622 0.6116962414818786 0.10569553756616053 0.17984323295387145
0 0.7554235539149641 0.6380581440796664 0.11688770555093804 0.18628414772652385
0 0.8468324625082015 0.5981541185121213 0.11583454152049333 0.19875687418757337
0 0.9123792080595772 0.5759012431067317 0.1315232085166876 0.2005921095770768
0 0.9622353448853943 0.5670523486266188 0.07552931022921143 0.15933981818121906
0 0.9810430474519924 0.5361608587728885 0.0379139050960152 0.2072318474022122
0 0.9110289777940597 0.27414782833407936 0.07920202174883002 0.10443412986961631
0 0.6550946541817941 0.32474171226088544 0.06456651878308044 0.09012616801906326
0 0.6295044051703773 0.32987922565356603 0.064184516805914 0.08075116801906326
0 0.6851031477560034 0.29372749148187866 0.04792284684397004 0.06485343262955982
0 0.3946227277940596 0.28316173295716673 0.030480678859192523 0.058303423701106104
0 0.2625648918616855 0.6685515823879739 0.07126218775644108 0.1011727621748646