0 0.2418889342930995 0.924002216024817 0.124056866131414 0.0841942813494537
0 0.2882237137504637 0.891753337364726 0.10959384793281668 0.07778064934754454
0 0.5124319717700281 0.9185629273949516 0.10586807063492074 0.06836928668045417
0 0.5204738116832804 0.9695510733609078 0.10869268198597286 0.0608978532781844
0 0.4623914875046154 0.43006350139240634 0.08777940468807692 0.05410679201145392
0 0.41327526218161764 0.30926919605345204 0.07810401603912887 0.04931020401018138
0 0.5177705999354016 0.40494587006681504 0.08385336829088245 0.04157042934436315
0 0.4377932032668891 0.3751305533895429 0.07896560919158375 0.03839088534372674
0 0.45670388957179864 0.3534919107256337 0.06550388648947969 0.04760225334181776
0 0.3908075817368043 0.3972231820496341 0.08006703423772628 0.05557838534372674
0 0.915651399593948 0.7054485934515855 0.054927331893687634 0.028743165340545218
0 0.9268787962624604 0.7344639314528582 0.05180233189368764 0.028706802673454136