0 0.8948454941129856 0.6472218732097785 0.05069098423243048 0.030269302673454134
0 0.7386331681249301 0.5803081878978683 0.042696646276527875 0.02236589600572696
0 0.7328923144014579 0.5585059132320501 0.05218074905006951 0.027162484006999676
0 0.7041880457840968 0.449494539902959 0.04582164627652787 0.022402258672817865
0 0.4042776583412843 0.5162484246101389 0.03310344072944442 0.012881808004454242
0 0.4067850625015968 0.5091899026098208 0.037863675911805575 0.01606135200509069
0 0.4070760032310413 0.49668990260982077 0.02372844072944442 0.012772720003181703
0 0.6109439260087147 0.5966337165818221 0.034847778685347205 0.020712489337999785
0 0.5670341911106942 0.40266608792173086 0.036337543502986236 0.01760567067154528
0 0.549320014248958 0.3919376732575035 0.04102504350298606 0.017660214672181596
0 0.5564967346136802 0.385605857256549 0.022129573138263935 0.011192038669636162
0 0.6820383292190968 0.5622218065722772 0.03641027868534721 0.020730670671545326
0 0.7339456681249301 0.5803627318985047 0.020567073138263937 0.011173857336090798
0 0.3024060338162496 0.5307114612905929 0.03953527868534721 0.020767033338636054
0 0.24762826804868016 0.5016693986314562 0.023764808320624997 0.014335220003181704
0 0.32519153001652745 0.4242251039545021 0.03942617591180557 0.016079533338636053
0 0.2819493698722913 0.47002849996022905 0.017369337955902786 0.008012494668999892
0 0.28832665644142325 0.46448702462604735 0.025254573138263937 0.011228401336727067
0 0.27192040644142323 0.46467792862827456 0.01896820554708336 0.009593176002545434
0 0.2766806416237843 0.4614983846276382 0.020567073138263937 0.011173857336090798
0 0.3189597138121177 0.4235165792886839 0.01740570554708327 0.009574994668999892
0 0.14394022359576347 0.4935034573122282 0.01584320554708336 0.009556813335454351
0 0.15324248841340235 0.4965193693109556 0.03154094072944447 0.012863626670908878
0 0.15411465739135374 0.4926040286441829 0.036264808320624994 0.014480670671545326
0 0.193977244397326 0.45777449530554676 0.02678070554708336 0.009684082670272608
0 0.19986552811666636 0.37257279197168314 0.01904094072944442 0.012718176002545345
0 0.20337238782406222 0.35613017930459223 0.037863675911805575 0.01606135200509069
0 0.20584342439319414 0.35063415730427405 0.03310344072944445 0.01288180800445433
0 0.13631021476204824 0.45219720464672813 0.036301175911805574 0.016043170671545325
0 0.13727330271795102 0.44437561397995545 0.031504573138263894 0.011301126670908879
0 0.10731304578409684 0.45643980931731887 0.03310344072944447 0.012881808004454242
0 0.11052896476204824 0.452497196650228 0.02837957313826389 0.011264764003817974
0 0.05731500541524276 0.35626763399109135 0.01584320554708334 0.009556813335454528