0 0.2858928755424065 0.4948660353067778 0.031601314514629573 0.022393197240056395
0 0.2901996667299528 0.48168024269310405 0.02820291244111104 0.019213650162155815
0 0.4003838939685174 0.5998319991859258 0.02664041244111104 0.019186376623205346
0 0.37616514396851736 0.5994092593321956 0.031601314514629573 0.022393197240056395
0 0.47352886804953603 0.5621059025944926 0.0374412114043519 0.01781479139585791
0 0.5126788424133786 0.5994519439903503 0.03417951036759241 0.016197744317956973
0 0.5079229918949988 0.5985888733734993 0.033906108294074144 0.013072744317957153
0 0.5186848346376841 0.5878559249156268 0.033906108294074144 0.013072744317957153
0 0.5416343190862952 0.5648548015388323 0.040292809330833276 0.01474433847375849
0 0.380562952168055 0.310864956572252 0.03886701036759259 0.0162795649348082
0 0.6571034942040731 0.5294275904990581 0.023378711404351903 0.017569329545304768
0 0.6687538936856935 0.5288508920411856 0.024531108294074143 0.012909103084255058
0 0.7716656972670826 0.3855566339235108 0.033906108294074144 0.013072744317957153
0 0.7464606457119437 0.3827765073003054 0.01630850518379621 0.008085235389503431
0 0.9232575915649068 0.37962205397116894 0.02025371140435155 0.0175147824674041
0 0.9369783389730084 0.375961265821722 0.01787100518379603 0.008112508928453721
0 0.9389803363811104 0.3720959261301475 0.02908190725731501 0.011428423701106106
0 0.9380917796421752 0.36193967613014755 0.02894520622055552 0.009865923701106106
0 0.972876882752453 0.367227193987055 0.03261701036759277 0.016170470779006775
0 0.9754646405281475 0.3789732175260053 0.02935530933083328 0.014553423701106105
0 0.9134328237044436 0.4278140921206159 0.03689440725731501 0.01156479139585791
0 0.8553256721965731 0.5750106460983755 0.03220690725731501 0.011482970779006863
0 0.8872400535349063 0.547485663955283 0.03404280933083328 0.014635244317957152
0 0.9235097442040731 0.5340777288900911 0.03574201036759241 0.016225017856907442
0 0.9686377335536566 0.4435987792144026 0.014609304147036895 0.006495461850553141
0 0.950942385627175 0.44641013351647374 0.01291010311027776 0.004905688311602674
0 0.9751905299249992 0.4382527601396792 0.02425770622055552 0.009784103084255058
0 0.9850439835536566 0.44388515137338125 0.019433505183796385 0.008139782467404188
0 0.9930787121114116 0.43637266030183497 0.01384257577717669 0.013018197240056395
0 0.9930493178135876 0.4503124293765584 0.013901364372824788 0.006577282467404011
0 0.8079736356271751 0.4439146047025176 0.02894520622055552 0.009865923701106106
0 0.8099072825168973 0.4392680150109431 0.02582020622055552 0.009811376623205349
0 0.7989697825168973 0.4390771002382907 0.022558505183796384 0.008194329545304769
0 0.7878272309617584 0.4365424354656383 0.03873030933083328 0.014717064934808021
0 0.39264328713504576 0.2884541684228051 0.030781108294073968 0.013018197240056484
0 0.3775944855799069 0.28585131980277684 0.034726314514629666 0.022447744317957152
0 0.9914970882659487 0.36211299999340946 0.017005823468102577 0.008139782467404011
0 0.9860772106740505 0.35733004260708323 0.02784557865189896 0.014553423701106105