0 0.32295833784171285 0.05333134862350199 0.04294891762490734 0.027035214672181573
0 0.43514385395874955 0.2272041059436844 0.04749971658814811 0.025527258672817865
0 0.4930923464658791 0.290657531269912 0.05273402073518518 0.03183180267345422
0 0.37058023383648053 0.49932510128900204 0.050624716588148114 0.02556362133990877
0 0.3194189835536566 0.4240620192950472 0.04410131451462958 0.02236589600572696
0 0.3751706975499065 0.44452851328772935 0.05144492280870363 0.03493862133990895
0 0.7863985978799988 0.6665365892345955 0.05484332488222225 0.038099984006999675
0 0.8038403761080544 0.6334877318985047 0.053144123845462944 0.036519302673454136
0 0.8678352341193044 0.5693974125557324 0.045058221771944316 0.03330339600572714
0 0.8614102853916193 0.49595991255573235 0.04376912384546294 0.0364102146721816
0 0.8804822056084248 0.5262377585535052 0.048046520735184825 0.03177725867281787
0 0.8810385716781933 0.5504746898870506 0.04831992280870381 0.03490225867281786
0 0.8384409685679156 0.5462780858927777 0.05001912384546294 0.03648294000636341
0 0.8328259556084248 0.5267922892266412 0.04492152073518483 0.03174089600572714