0 0.8571407083884276 0.670970869853396 0.04473264586155708 0.021809298022528623
0 0.9952593475797222 0.5554436948632313 0.009481304840555538 0.025841234160558103
0 0.8155043277920185 0.4111916782674848 0.04440509724103805 0.015559298022528622
0 0.7831831507227971 0.41827220475058835 0.04308825870642714 0.02013753737886681
0 0.7933836663266293 0.4049745292562205 0.03831887155129756 0.018247255447881684
0 0.7730302227490644 0.402772890888618 0.03988137155129756 0.018356516091543363
0 0.7643512635676674 0.4153985770266476 0.04629514586155707 0.021918558666190257
0 0.4368404172311404 0.4041725918576833 0.025573210085908293 0.012685670298587758
0 0.6989453488229177 0.5338100874182078 0.029271420171816588 0.023841691585911207
0 0.6803181795556124 0.534842709694267 0.024174484396167806 0.015701409654926123
0 0.6326010538204433 0.6194637281315989 0.03215075870642732 0.019372712873234655
0 0.6208004166653136 0.6170817733041358 0.029107645861557074 0.020716691585911207
0 0.4685861414505429 0.5791943711907784 0.041525758706427315 0.020028276735205176
0 0.4272817107632768 0.4891267460647276 0.019241322930778536 0.010686127723940685
0 0.4167979121427578 0.48216655188092633 0.03190509724103805 0.014685212873234654
0 0.4156901927845954 0.6541126076971251 0.051064533016686696 0.02380884059717552
0 0.40471174920703046 0.6525665331914929 0.036510710085908296 0.013450494804219915
0 0.3392129019659925 0.635532216479531 0.03659259724103805 0.015012994804219915
0 0.3310728533454735 0.6287359132612222 0.033549484396167804 0.01635697351689629
0 0.3294351102428784 0.5974859132612222 0.04440509724103805 0.015559298022528622
0 0.32672286804479456 0.5902907722957297 0.042924484396167806 0.01701253737886681
0 0.1917426011977669 0.34655756176828345 0.034948210085908295 0.01334123416055819
0 0.17652703697341565 0.3532774553316661 0.027381371551297516 0.01748243094224957
0 0.12311210990419416 0.3588829631253362 0.017596935775648782 0.009014367080279051
0 0.07599144843880493 0.35091764381548424 0.03338571008590825 0.013231973516896468
0 0.0787888998182859 0.3448861651028077 0.03182321008590827 0.013122712873234655
0 0.21562491576080242 0.5646191469175774 0.03050637155129756 0.01770095222957302
0 0.13236203640758876 0.5502345828035053 0.027053822930778536 0.011232430942249395
0 0.11517453640758876 0.5490327157232263 0.016116322930778536 0.010467606436617417
0 0.24614457541716933 0.5231636204344738 0.009702548620519025 0.006905563861970521
0 0.0686813167107421 0.4936296677006977 0.019241322930778494 0.010686127723940864
0 0.0723828488229177 0.4899965693098521 0.01307321008590825 0.01181158514929379
0 0.4858112630018404 0.5959666079492266 0.025818871551297563 0.01737317029858776
0 0.07369636533126109 0.500207449631683 0.01915943577564876 0.009123627723940686
0 0.04395795567489415 0.5417176064366174 0.02244821008590827 0.012467149011264311
0 0.04005170567489415 0.5414444548274631 0.023928822930778516 0.011013909654926124