0 0.2234375 0.6140625 0.02265625 0.05546875
0 0.28984375 0.52890625 0.02109375 0.08984375
0 0.26875 0.29453125 0.0125 0.04296875
0 0.265625 0.253125 0.0109375 0.0375
0 0.28671875 0.2796875 0.0125 0.0375
0 0.3265625 0.2578125 0.00703125 0.02578125
0 0.590625 0.4734375 0.021875 0.04765625
0 0.50625 0.49921875 0.02265625 0.06640625
0 0.5 0.47890625 0.021875 0.07734375
0 0.8515625 0.3953125 0.0375 0.0359375
0 0.215625 0.184375 0.00859375 0.0171875
0 0.23046875 0.1875 0.00703125 0.0203125
0 0.2 0.15859375 0.00390625 0.01640625
0 0.28203125 0.1546875 0.00390625 0.0125
0 0.284375 0.1546875 0.00390625 0.01015625
0 0.33203125 0.16796875 0.00546875 0.0140625
0 0.48203125 0.1875 0.00546875 0.01640625
0 0.4703125 0.21796875 0.00625 0.0203125
0 0.475 0.21875 0.00546875 0.021875
0 0.48203125 0.22265625 0.00546875 0.01640625
0 0.50703125 0.22265625 0.00703125 0.01640625
0 0.775 0.37265625 0.0203125 0.0296875
0 0.98359375 0.334375 0.01328125 0.04453125