0 0.47380713238362115 0.6252168394079676 0.033323420688572546 0.06174298340326043
0 0.33502488537884606 0.5989172163823137 0.03165179328391084 0.058499584233097576
0 0.3947123655085802 0.44634740082054825 0.022331356986241602 0.0593516892121194
0 0.5805903234057956 0.29596520206065924 0.022058538474587407 0.05153918921211931
0 0.36686018402023446 0.4562910858834826 0.030887901451278843 0.03662458423309758
0 0.5395660193221117 0.3100402800699794 0.019895837748947896 0.03423329004195628
0 0.540394398540872 0.3561932296550609 0.018169646641955417 0.029427390871793246
0 0.5422743570710596 0.3427343808998164 0.021185519237293705 0.026539189212119396
0 0.524749551173277 0.3119463221865281 0.021458337748947898 0.034351689212119306
0 0.5219072933687288 0.3427110701119357 0.018115082939624473 0.027864890871793335
0 0.5095982663268869 0.3491270134732399 0.014880955534962936 0.024503092531467274
0 0.49811512930357826 0.33433080766438106 0.016498019237293705 0.026183991701630306
0 0.5006944922802697 0.31846900932405503 0.022748019237293703 0.026657588382282337
0 0.4811558077966991 0.36459864812125586 0.023566474772256464 0.05009508838228234
0 0.47172624409436825 0.363746543142234 0.015590283665263983 0.044815592531467184
0 0.4855977711362103 0.35721220061076675 0.023402783665263983 0.045407588382282336
0 0.5719494110699257 0.0063633247855741735 0.01310020072563951 0.012726649571148347
0 0.5836681610699257 0.0058897281049220766 0.01153770072563951 0.011779456209844153
0 0.6086954429210911 0.004492710158536373 0.00830357332097762 0.008985420317072746
0 0.6210317518140985 0.0028768382704250335 0.010029764427970277 0.005753676540850067
0 0.6069146881117676 0.0018175347436178851 0.008358137023308565 0.0036350694872357703
0 0.6045709381117677 0.0011250841212401524 0.008249009618646852 0.002250168242480305
0 0.6156994110699257 0.004255911818210325 0.009920637023308565 0.00851182363642065
0 0.7135838395630465 0.02190962757582409 0.010357146641955417 0.02883539502097815
0 0.7036731262235354 0.029710472181883753 0.011483137023308564 0.01645379419114117
0 0.6952331436467305 0.01233371803269887 0.011483137023308564 0.01645379419114117
0 0.6780456436467305 0.013636108904492133 0.008249009618646852 0.013091995850815118
0 0.6859127073490614 0.014606613053677015 0.00830357332097762 0.01465449585081512
0 0.6849677662420689 0.009978312638758525 0.01142857332097762 0.014891294191141168
0 0.7342510036281971 0.030526688363704785 0.01310020072563951 0.01813469336130419
0 0.7413640991816933 0.03233764209797117 0.011374009618646852 0.013328794191141169
0 0.7395560625212045 0.0254247912681342 0.008249009618646852 0.013091995850815118
0 0.9031200547166562 0.0435800275711797 0.016770837748948254 0.03399649170163024