0 0.3009490388914761 0.4750381377675216 0.07195140965492604 0.025483384798020658
0 0.31951872243161566 0.4831090505413608 0.09760697351689647 0.03558581050398359
0 0.37937468765063886 0.42108877216983076 0.07707595222957293 0.03186977711788863
0 0.36519757316824986 0.3862735029695009 0.09459123416055819 0.03705738229073816
0 0.3389464296048672 0.4026941248353978 0.05934214901126431 0.023557171945039146
0 0.37789966896120547 0.3999950221698308 0.07562271287323466 0.03338681301126591
0 0.6045664397443258 0.2493572100164946 0.028889824505632156 0.011755853919208192
0 0.6004363146182751 0.21268392412311724 0.025655563861970522 0.010102425705962936
0 0.6430169345485457 0.2842490355641729 0.01929630321830871 0.008358069279472158
0 0.6740094804773873 0.4923654124446347 0.017952324505632156 0.01143760517284953
0 0.6772108901323134 0.5157574483380121 0.025546303218308707 0.008539925705962759
0 0.6758940445914593 0.5752915727111915 0.025655563861970522 0.010102425705962936
0 0.6890114036259667 0.5725613778048986 0.022421303218308708 0.00844899749271768
0 0.5464090043626009 0.48120425508107195 0.029217606436617416 0.016443353919208193
0 0.7298981196012946 0.7318538097790677 0.022421303218308708 0.008448997492717502