0 0.4174442068065479 0.10317847785069523 0.051392081637205725 0.03093693317629621
0 0.41101490162730825 0.3548872408101859 0.049420145861557074 0.02298773213953691
0 0.3852723524409623 0.5525626146556488 0.05279080732694626 0.027948634213055358
0 0.4286018713241549 0.405932330960973 0.02721759724103805 0.014823917624907423
0 0.4285166621427578 0.41928193147935267 0.028861984396167807 0.016523118661666558
0 0.41448846166778797 0.4511176918469452 0.03387703301668683 0.023183221771944318
0 0.38863529059146024 0.40707445739833403 0.027708920171816587 0.024198917624907425
0 0.3927838800305822 0.4263323053248156 0.033549484396167714 0.01693322177194432
0 0.3923268566248338 0.4475627563615747 0.029107645861557074 0.02121061866166656
0 0.37621717774659 0.40973056569240807 0.021213258706427318 0.018964613477870353
0 0.39109522727162016 0.4390373568799544 0.03058825870642732 0.01978481969842587
0 0.35724917175369625 0.46711313020703765 0.03840075870642732 0.020468324882222076
0 0.35297110752934496 0.47533573331731543 0.04440509724103805 0.01632762902925915
0 0.3485735345985665 0.46630248590921364 0.04604948439616781 0.018026830066018462
0 0.3121247795101838 0.5495442128649543 0.024583920171816587 0.023925515551388797
0 0.07628129126882881 0.8864651803015742 0.024256371551297517 0.0176755155513888
0 0.07969289631178295 0.8916605282280556 0.02417448439616776 0.016113015551388797
0 0.055207473426432965 0.7988380411875463 0.02261198439616776 0.015976314514629664
0 0.051584506443119724 0.819560644297824 0.017678822930778514 0.010878711404351904
0 0.05985070782260073 0.8125587885956481 0.02244821008590827 0.012851314514629309
0 0.057919715624516845 0.8056642396324074 0.019241322930778515 0.011015412441111039
0 0.7853420307533792 0.7585045075393533 0.06438340456798422 0.041405541470370365
0 0.09953957032878671 0.5814851543825927 0.016280097241038006 0.01386701036759259
0 0.09666355382044331 0.5715339559377316 0.014717597241038004 0.013730309330833279
0 0.09029072308774869 0.5697370100847687 0.01134693577564876 0.008769407257314654
0 0.09320768317365695 0.5804694585296297 0.014635710085908249 0.012167809330833279