0 0.24979489785457148 0.6507871288934377 0.03459814060688356 0.02263871941479163
0 0.03721618102519246 0.9440610841561806 0.02324605242559431 0.03641027868534721
0 0.47603840452253116 0.6216126944322574 0.03552291181871077 0.014862587005972294
0 0.4596803387610174 0.7261183564763546 0.026275457576345397 0.016206881458888843
0 0.16277274316286236 0.5086522206490627 0.030038186364518004 0.024092116641249994
0 0.17428432801017166 0.5402295289696877 0.022767820303441776 0.011446646276527871
0 0.18348385588995875 0.5138306831300002 0.024585411818710812 0.014608013867708358
0 0.18643351270769976 0.5256403521079516 0.022767820303441776 0.011446646276527871
0 0.7311084128574808 0.5844991266123271 0.018080320303441866 0.011337543502986058
0 0.6111147772515673 0.5777925720914242 0.029272911818710768 0.014717116641249995
0 0.7326868883116737 0.5939286779990979 0.02732777454580724 0.009993249050069508
0 0.6092014619490953 0.562876086909063 0.025892820303441866 0.011519381458888844
0 0.46447773287105865 0.2166699680836115 0.039668277879787085 0.027435322188333444
0 0.47139741256761686 0.22778930603951428 0.03459814060688356 0.02263871941479163
0 0.478763502415896 0.23343989399541706 0.029783094849248924 0.020967116641249995
0 0.4917258880218096 0.23765526852045182 0.031345594849248926 0.02100348423243057
0 0.4247449084847309 0.013016984801111468 0.03176018303053816 0.006977351823611139
0 0.45347581530247194 0.025426719033542045 0.028475686364518006 0.024055749050069467
0 0.49835788060494385 0.041343312973368476 0.030293277879787084 0.027217116641250018
0 0.5110014018167712 0.04946493749840321 0.025733323637421535 0.028670513867708358