0 0.8988727913701606 0.2920291829651201 0.03809103338609461 0.023154080083912554
0 0.9714488218532618 0.3964430732122134 0.030096676959604097 0.01631208423309749
0 0.9783436795333935 0.40059777694647974 0.016034176959604095 0.01524649170163026
0 0.4535171757724699 0.40762659770633736 0.047466033386094786 0.023864475104890738
0 0.31215037820061003 0.47056707343592796 0.03956260517284953 0.020147479254075583
0 0.2695082371343832 0.4893888510303296 0.03800010517284953 0.020029080083912555
0 0.7483031753767585 0.5372969066201183 0.03643760517284953 0.019910680913749524
0 0.7670986394833812 0.534313616578162 0.033267141066226816 0.018111382573423464
0 0.4378203164429853 0.54523334148256 0.041079641066226816 0.018703378424238616
0 0.43605322796318324 0.552382990652723 0.041079641066226816 0.018703378424238616
0 0.28352395836714195 0.7042559118182103 0.039608069279472156 0.021709979254075584
0 0.3088505673009151 0.7179273255105205 0.03800010517284953 0.020029080083912732
0 0.24493413446881623 0.5302273385827749 0.033267141066226816 0.018111382573423464
0 0.25317854348173174 0.5147915927319598 0.03643760517284953 0.0199106809137497
0 0.14196825884199563 0.5325729338135347 0.023892141066226814 0.017400987552445457
0 0.09572975633471317 0.5142499089184253 0.033176212852981425 0.014986382573423463
0 0.08746261526848635 0.5304669047692404 0.038000105172849484 0.020029080083912555
0 0.03888036276120389 0.5123214786293756 0.038000105172849484 0.020029080083912732
0 0.058078992148948204 0.5490635394172564 0.028534176959604134 0.01619368506293455
0 0.0478568944979461 0.6324680352680716 0.02072167695960414 0.015601689212119397