0 0.7734036870904915 0.5662894111390575 0.03938978246740419 0.02034167490485981
0 0.7037633429346901 0.5572062298084071 0.03936250892845372 0.018779174904859808
0 0.6911133384704632 0.5481031438388518 0.028315914772652384 0.01208350593149916
0 0.7164736229664622 0.6592143987817678 0.03621023538950343 0.01708934091247105
0 0.7190219245085897 0.6710286492760593 0.02680796185055314 0.015144838935304605
0 0.866656629459284 0.765262763420235 0.03146818831160303 0.013773339923887917
0 0.798315732543539 0.7858989155876818 0.04100682954530477 0.023530341901054186
0 0.7517526038917387 0.6676781561961416 0.025190914772652385 0.011956171939110406
0 0.6804622106294418 0.5640637248654912 0.02839773538950343 0.01677100593149916
0 0.5497519529188041 0.5001856141813567 0.018968188311602675 0.013264003954332715
0 0.42098207061355575 0.5027455869953193 0.03462046185055314 0.015463173916276673
0 0.42344855153883226 0.5098723374896109 0.026726141233702094 0.010457338935304605
0 0.4151002633893853 0.5235846690105419 0.029851141233702094 0.010584672927693361
0 0.4228991266199101 0.5231217539915137 0.03305796185055314 0.015399506920082295
0 0.3026684472367612 0.5229068952845456 0.026753414772652383 0.012019838935304606
0 0.29943435308095984 0.5165295612921568 0.036128414772652384 0.012401840912471051
0 0.2727354853862081 0.5076347223568523 0.02837046185055305 0.015208505931499161
0 0.580127019882207 0.6302378701128557 0.025190914772652385 0.011956171939110227
0 0.5856912272685333 0.6359294545995361 0.028343188311602673 0.013646005931499162
0 0.10241330275664826 0.45541435326976065 0.028343188311602718 0.013646005931498983
0 0.058332066149328864 0.4793810938782205 0.03459318831160272 0.013900673916276673
0 0.29755998173276016 0.6327766438016709 0.023628414772652383 0.01189250494291585
0 0.29847759942751184 0.6406209772997681 0.015815914772652383 0.01157416996194378
0 0.2415690803527884 0.6453283819386728 0.02680796185055314 0.015144838935304605
0 0.22296908481701525 0.6531581279843401 0.028315914772652384 0.01208350593149916
0 0.28328324756107276 0.5752042243340185 0.017596603084255057 0.024137836958138335
0 0.26369745048317206 0.5712833868815886 0.017378414772652385 0.011637836958138336
0 0.22565197970416523 0.5385053789729233 0.020476141233702096 0.010202670950527093
0 0.2234582341683921 0.5470036284786317 0.020503414772652384 0.011765170950527093
0 0.17710143140844858 0.5747811185927999 0.01735114123370205 0.010075336958138337
0 0.13962870494739893 0.5748156106841344 0.03300341477265238 0.012274506920082117
0 0.16830312986632104 0.5627122001137307 0.01735114123370205 0.010075336958138337
0 0.20947755478524313 0.5511181255128821 0.017323867694751627 0.008512836958138337
0 0.08466451541798022 0.6014616823192336 0.015815914772652383 0.011574169961943959
0 0.17828605600305913 0.5084703690870914 0.018940914772652383 0.011701503954332716
0 0.17122753246410877 0.5066213676042167 0.020476141233702005 0.010202670950527093
0 0.16405596062944178 0.5430217826232447 0.026807961850553053 0.015144838935304605
0 0.16417869155471831 0.5500530326232448 0.015734094155801338 0.006886669961943958
0 0.7769650637136969 0.5914167451314463 0.03459318831160267 0.013900673916276673