0 0.34609375 0.32734375 0.0109375 0.0359375
0 0.19453125 0.503125 0.0203125 0.04921875
0 0.37890625 0.4421875 0.01171875 0.04296875
0 0.2890625 0.484375 0.0203125 0.04921875
0 0.2984375 0.5421875 0.01796875 0.05390625
0 0.36171875 0.5828125 0.021875 0.0609375
0 0.38359375 0.5484375 0.01953125 0.05703125
0 0.25 0.51640625 0.021875 0.0390625
0 0.26875 0.52890625 0.02109375 0.040625
0 0.3875 0.60390625 0.0234375 0.03984375
0 0.5 0.40703125 0.009375 0.03046875
0 0.4890625 0.3984375 0.01328125 0.02265625
0 0.4578125 0.40390625 0.0125 0.03046875
0 0.415625 0.42421875 0.0125 0.0375
0 0.41796875 0.46328125 0.0125 0.0484375
0 0.37265625 0.4953125 0.01875 0.053125
0 0.5203125 0.4625 0.0109375 0.0578125
0 0.5015625 0.46484375 0.01484375 0.04921875
0 0.5625 0.51171875 0.0125 0.0484375
0 0.52421875 0.61015625 0.021875 0.06875
0 0.48984375 0.55625 0.02890625 0.06640625
0 0.5828125 0.4859375 0.015625 0.0484375
0 0.6125 0.45703125 0.015625 0.04609375
0 0.42734375 0.515625 0.021875 0.04453125
0 0.475 0.45078125 0.01953125 0.0515625
0 0.44140625 0.59921875 0.01640625 0.0609375
0 0.56328125 0.44609375 0.0125 0.040625
0 0.60234375 0.53515625 0.0203125 0.05546875
0 0.71484375 0.37578125 0.01640625 0.0390625
0 0.73046875 0.39609375 0.0125 0.0390625
0 0.759375 0.37734375 0.009375 0.03515625
0 0.77109375 0.39375 0.015625 0.04453125
0 0.825 0.63359375 0.01953125 0.06015625
0 0.81171875 0.625 0.021875 0.06484375