0 0.4587933983217486 0.789071726153798 0.0452891892121194 0.0236276767645645
0 0.4783936580700107 0.9037029112167325 0.05021348755244546 0.027107874275053945
0 0.4752570026760704 0.8932506632913249 0.04708848755244528 0.026871075934727883
0 0.5826373304848979 0.5753070693099651 0.05322008838228243 0.02578217261537983
0 0.5812883180373433 0.551632770969639 0.04865098755244546 0.026989475104890737
0 0.6082526371235938 0.5898198552027365 0.04012809253146728 0.01702247925407576
0 0.6097326267506314 0.5702886052027365 0.03219719336130424 0.01486798340326061
0 0.5690558080885884 0.15312349337523737 0.04661489087179334 0.020621075934727708
0 0.4599507273799759 0.2760738960698853 0.015128092531467274 0.015128092531467185
0 0.572015787342664 0.11406099337523737 0.03544059253146727 0.016667281743586494
0 0.627844009324055 0.5386600969043667 0.045857874275053764 0.051634277594401645
0 0.4167918006154112 0.31680471723072823 0.029427390871793337 0.01931868506293446