0 0.14353223797665263 0.3959226022698556 0.09214087842423861 0.0432164540774929
0 0.3625441923356189 0.475676983769171 0.06704579004195636 0.020659492478152686
0 0.35269651827034665 0.5213759286754638 0.06150618506293437 0.02985263605166182
0 0.4780750265687164 0.5020683360390266 0.05598989087179333 0.018778743731793845
0 0.4645937896409709 0.5721451553184987 0.05466418921211939 0.021858279625171128
0 0.4821966093519213 0.628789960412206 0.05021348755244546 0.024846887305303156
0 0.5002334464848038 0.46384091033306374 0.046733290041956366 0.020068459092057723
0 0.5211173993938776 0.6464488218532616 0.041927390871793334 0.01836956677218975
0 0.5158971031281441 0.6395539641731297 0.032078794191141215 0.011846782132453626
0 0.5161572122563507 0.6223210000665069 0.03723989087179334 0.018233174452321775
0 0.5333204788530903 0.5905026987337235 0.04360829004195636 0.019977530878812287
0 0.5011116300978458 0.5890909629194885 0.048058991701630305 0.01698892319868044
0 0.49073023715146 0.5760824975592245 0.04396348755244546 0.024665030878812288
0 0.48740432760833485 0.5941876398790926 0.022822193361304245 0.01313649749271768
0 0.5970520147458617 0.6152693665221276 0.04012809253146728 0.015199102665567033
0 0.4704168145360802 0.5249973706787626 0.03915758838228243 0.022966138558944492
0 0.5175850446153485 0.37251121668041215 0.029782588382282427 0.022693353919208282
0 0.5089204396363266 0.38215900132014824 0.029664189212119395 0.021130853919208194
0 0.5698947510489072 0.4532012755350431 0.043489890871793335 0.01841503087881229
0 0.5910127344521676 0.48390570625557083 0.025828794191141213 0.011664925705962758
0 0.6158244029183626 0.5426896728694761 0.021141294191141212 0.011528533386094964
0 0.5433098628764063 0.526008289720808 0.024739890871793336 0.01786946159934022
0 0.6867163207598577 0.50695910985821 0.027864890871793335 0.017960389812585475
0 0.609384226153798 0.49903060108272135 0.018134693361304244 0.01300010517284953
0 0.5843259491840962 0.550652937055241 0.025947193361304244 0.013227425705962937
0 0.5587106425454004 0.5639258268678266 0.027391294191141214 0.011710389812585476
0 0.8078361493938775 0.6381061582879997 0.014536096680652122 0.006659176959604096
0 0.8104875527132256 0.6317652300747543 0.01754269751048909 0.0051876051728495295
0 0.5869614226386017 0.978079255081072 0.04325309253146727 0.015290030878812288
0 0.5017241688904022 0.4215170180131957 0.024976689212119395 0.02099446159934022
0 0.4942668664008913 0.426431838546309 0.018016294191141213 0.01143760517284953