0 0.4393359308218071 0.7686146981190737 0.03059755261671846 0.01770095222957302
0 0.44246863609759635 0.7550602965099193 0.03206904735504672 0.016247712873234656
0 0.435195191415738 0.6975209481190736 0.03363154735504672 0.016356973516896467
0 0.42837750206613856 0.5669975677972428 0.027290542093374802 0.014357430942249394
0 0.42566421281536115 0.33185774329161066 0.012773015785015574 0.005561585149293879
0 0.4377987337208743 0.48632672200428717 0.023983531570031146 0.011013909654926124
0 0.43738150476756166 0.49263135232611804 0.02242103157003115 0.010904649011264311
0 0.43939903107592093 0.5003345916824562 0.02223902104668731 0.007779649011264311
0 0.4384280652767879 0.5106001023261181 0.02076752630835923 0.009232888367602499
0 0.4381473442159831 0.5192484826479489 0.025728042093374804 0.01424817029858776
0 0.4377301152626705 0.5255531129697798 0.02242103157003115 0.010904649011264311
0 0.43612211263183454 0.5248811236134415 0.02242103157003115 0.010904649011264311
0 0.4371840836926394 0.5161781129697798 0.02242103157003115 0.010904649011264311