0 0.10390625 0.57734375 0.02109375 0.046875
0 0.21171875 0.5875 0.01875 0.05234375
0 0.33125 0.584375 0.0203125 0.04765625
0 0.196875 0.5953125 0.0125 0.0359375
0 0.1609375 0.58828125 0.02578125 0.0390625
0 0.16484375 0.603125 0.02734375 0.04375
0 0.1625 0.60703125 0.028125 0.046875
0 0.37890625 0.6296875 0.0296875 0.04375
0 0.38203125 0.62265625 0.01953125 0.0515625
0 0.428125 0.6046875 0.0140625 0.04609375
0 0.59921875 0.634375 0.03359375 0.04609375
0 0.6984375 0.63359375 0.03359375 0.05703125