0 0.04324673261690996 0.28325113049883105 0.01587957313826389 0.012121491701630304
0 0.03478026918604191 0.2880686850629344 0.020603440729444457 0.014039189212119307
0 0.041302372909514114 0.26672648132866805 0.025254573138263903 0.0128318867226084
0 0.2103446200597225 0.3590826925361116 0.03957164627652778 0.024834979254075584
0 0.3895762187492016 0.2860982462750224 0.03797277868534721 0.023154080083912554
0 0.4518761969977085 0.2822404630815433 0.037936411094166546 0.021591580083912553
0 0.7291822729857641 0.23462471495564313 0.04273301386770836 0.026634277594401644
0 0.9766671363959729 0.7821312900651782 0.03641027868534721 0.023035680913749523
0 0.9046284822356604 0.769653678237679 0.05694098423243048 0.03394987012586874
0 0.4271392618709381 0.7272327317528753 0.0268534407294446 0.014512785892771518
0 0.42421428362243113 0.7355896834125493 0.03644664627652787 0.024598180913749525
0 0.3920914614340978 0.6957217000092888 0.036337543502986056 0.0199106809137497
0 0.2861694229651047 0.7352676068531216 0.03477504350298606 0.01979228174358667
0 0.1411309863197229 0.8030443348577974 0.034847778685347205 0.02291728174358667