0 0.46457198547785283 0.04080112556031361 0.03806868506293455 0.029170674452321667
0 0.4911587188811134 0.07275581921296517 0.03217388257342346 0.03367631802583095
0 0.4607608238601353 0.06251700118713424 0.031818685062934546 0.028988818025830948
0 0.4782443217855429 0.06692335635998373 0.02580548340326061 0.03193196159934022
0 0.9892680226200241 0.5097643550398355 0.021463954759951775 0.005323997492717503
0 0.9936299249020759 0.5022473717328829 0.012740150195848088 0.006931961599340219
0 0.9832352006339887 0.4971052306666561 0.02246699585081515 0.008448997492717502
0 0.9767008581025214 0.48288360629347676 0.021141294191141212 0.011528533386094964
0 0.985353807687603 0.4839149088799015 0.022348596680652123 0.00688649749271768
0 0.9854605514638257 0.49561092682659014 0.024029495850815152 0.00849446159934022
0 0.7019026902610265 0.5084074773679508 0.021496491701630305 0.016216033386094786
0 0.7140950369416786 0.5149984581676209 0.019460395020978183 0.009920569279472246
0 0.7145919444102115 0.5009814222742437 0.019460395020978183 0.009920569279472246
0 0.7072646964848038 0.4968705837944416 0.021378092531467274 0.014653533386094963
0 0.3266692437762227 0.021198016230829016 0.026302390871793247 0.017914925705962904
0 0.31315119543589665 0.017686571324536226 0.024266294191141215 0.011619461599340217