0 0.23704302038986783 0.4558665499681833 0.018977258976990364 0.03928067600254544
0 0.22778619505790285 0.47628813796945596 0.02539088544042354 0.06747840133672707
0 0.3122218450344617 0.8886148679583201 0.02521816861791084 0.037790901336727245
0 0.30733890231424993 0.8550756619589563 0.025181807181592398 0.031540901336727246
0 0.30405027585081684 0.8269870246260475 0.02989657825883123 0.036282945337363516
0 0.22795488758172286 0.6395784786362286 0.02372839149054773 0.050272720003181705
0 0.21441001716841396 0.5944205199713649 0.023692030054229284 0.044022720003181706
0 0.20268217680933437 0.5929943799729558 0.02686248184962734 0.05187158267027261
0 0.7337629634046672 0.2891382952339591 0.02061248184962743 0.0517988573360908
0 0.723611258584207 0.29003772390200455 0.019086343285945873 0.05803067600254526
0 0.5443469811622563 0.4991689179265034 0.023719301131468206 0.0487102200031817
0 0.5312106560266832 0.38993936859486694 0.026853391490547728 0.050309082670272606
0 0.43756817769309714 0.007647225970728619 0.01259999394987581 0.015294451941457237
0 0.4095073310875016 0.15227683127786618 0.02060339149054773 0.050236357336090796