0 0.38984375 0.52109375 0.0296875 0.0296875
0 0.4796875 0.0578125 0.01796875 0.0578125
0 0.58984375 0.77578125 0.01875 0.03671875
0 0.584375 0.79375 0.0171875 0.04140625
0 0.6875 0.771875 0.0265625 0.0359375
0 0.64609375 0.72421875 0.034375 0.03828125
0 0.8484375 0.97109375 0.040625 0.05
0 0.86171875 0.95546875 0.0609375 0.04765625
0 0.66171875 0.375 0.02578125 0.03359375
0 0.61875 0.37734375 0.01953125 0.034375
0 0.60546875 0.34765625 0.0125 0.01875
0 0.58984375 0.30859375 0.01875 0.040625
0 0.59765625 0.2609375 0.01484375 0.034375
0 0.68984375 0.2640625 0.02265625 0.03828125