0 0.396875 0.87734375 0.0328125 0.084375
0 0.4875 0.675 0.015625 0.0640625
0 0.53125 0.68984375 0.01953125 0.05546875
0 0.5203125 0.56640625 0.015625 0.053125
0 0.58671875 0.58671875 0.015625 0.0515625
0 0.64296875 0.575 0.02109375 0.04765625
0 0.484375 0.540625 0.0125 0.04453125
0 0.6625 0.53984375 0.0125 0.03984375
0 0.6546875 0.54453125 0.01015625 0.03125
0 0.63828125 0.5421875 0.0125 0.03515625
0 0.60859375 0.52265625 0.0125 0.0421875
0 0.60546875 0.553125 0.0109375 0.04375
0 0.59296875 0.56171875 0.015625 0.0421875
0 0.609375 0.56796875 0.0125 0.02109375
0 0.63671875 0.46328125 0.0109375 0.0375
0 0.54140625 0.5765625 0.01796875 0.03828125
0 0.3984375 0.5140625 0.01640625 0.0265625
0 0.40703125 0.5234375 0.01640625 0.02578125
0 0.47890625 0.47265625 0.01328125 0.0421875
0 0.509375 0.45546875 0.0078125 0.02265625
0 0.56796875 0.43828125 0.01015625 0.01875
0 0.54765625 0.50625 0.01328125 0.0234375
0 0.5375 0.36484375 0.0140625 0.025
0 0.525 0.4390625 0.0109375 0.015625
0 0.57421875 0.46875 0.009375 0.025
0 0.58515625 0.4953125 0.0078125 0.0265625
0 0.67109375 0.26171875 0.0046875 0.01328125
0 0.665625 0.259375 0.00390625 0.0171875
0 0.990625 0.51171875 0.01796875 0.040625
0 0.44375 0.534375 0.01640625 0.0234375
0 0.44765625 0.5421875 0.01015625 0.0171875