0 0.7316128238369133 0.9061379151730989 0.035677390871793335 0.017787517856907444
0 0.7454259474872671 0.9509691741015527 0.032433991701630305 0.016170470779006862
0 0.5902522727972949 0.9939882380253586 0.023058991701630303 0.012023523949282832
0 0.5981006615944957 0.9749952349791711 0.022940592531467276 0.014444329545304769
0 0.6112644350397124 0.925158876212873 0.021378092531467274 0.0144170560063543
0 0.6152182292308537 0.9142759232907738 0.021496491701630305 0.0159795560063543
0 0.6222970234219949 0.903447517446575 0.019697193361304245 0.012827282467404189
0 0.619680586284468 0.9276526306771 0.016453794191141215 0.011210235389503253
0 0.6246640842098755 0.923828201293951 0.019460395020978183 0.009702282467404188
0 0.6288430213474024 0.8996503616023765 0.016690592531467274 0.014335235389503254
0 0.3071809248904649 0.24082914610167072 0.0597068867226084 0.02600912094116259
0 0.37353870808394396 0.3045700921239112 0.05442739087179334 0.018114800324311543
0 0.36011667074128006 0.23393030965650707 0.05838118506293437 0.02910684740221221
0 0.3492616811142422 0.2532979184228051 0.05177598755244537 0.024310253246410875
0 0.3640704649324212 0.2230473567344078 0.05478258838228234 0.02280230032431154
0 0.37002446700701364 0.22706270089020916 0.053220088382282336 0.022775026785361162
0 0.3686502985408187 0.28649224796810985 0.022940592531467276 0.014444329545304769
0 0.3351632923170414 0.27417348011120235 0.056226689212119305 0.02126707386326192
0 0.7113991026807148 0.6773583502382907 0.03544059253146727 0.014662517856907442
0 0.5995009086947107 0.7810134098980932 0.03880239087179334 0.01784206493480802
0 0.587557015748325 0.7941037451254407 0.024621491701630305 0.01603410308425506
0 0.619043814088651 0.7915242159044475 0.016335395020978184 0.00964773538950343
0 0.6123910723870208 0.8070537585181213 0.019933991701630304 0.01595228246740419
0 0.6121659294406351 0.8203486452875964 0.019815592531467273 0.014389782467404189
0 0.6218252719721024 0.8064361497518234 0.016690592531467274 0.014335235389503254
0 0.5986138375338678 0.7411014760507173 0.022703794191141213 0.011319329545304768
0 0.5970396821399275 0.7309043157422919 0.019933991701630304 0.01595228246740419
0 0.6047337829697644 0.7326031834370434 0.016572193361304242 0.012772735389503432