0 0.48671875 0.74140625 0.0109375 0.028125
0 0.4203125 0.45390625 0.01015625 0.034375
0 0.446875 0.45078125 0.0078125 0.03515625
0 0.45703125 0.26171875 0.00859375 0.03828125
0 0.4234375 0.18671875 0.0078125 0.028125
0 0.425 0.0828125 0.00703125 0.02421875
0 0.446875 0.08984375 0.00625 0.028125
0 0.459375 0.08984375 0.00546875 0.0265625
0 0.4328125 0.06171875 0.00859375 0.0265625
0 0.51796875 0.05 0.00546875 0.02421875
0 0.53359375 0.05234375 0.00625 0.02265625
0 0.5390625 0.04375 0.00546875 0.0265625
0 0.546875 0.0484375 0.00859375 0.025
0 0.5015625 0.0109375 0.00703125 0.01875
0 0.52421875 0.31328125 0.00859375 0.02265625
0 0.65078125 0.56015625 0.0109375 0.01875
0 0.6546875 0.5703125 0.0078125 0.01640625
0 0.628125 0.2390625 0.0078125 0.034375
0 0.6453125 0.24140625 0.01484375 0.03046875
0 0.6359375 0.2890625 0.00703125 0.021875
0 0.63203125 0.30859375 0.02265625 0.0203125
0 0.653125 0.28828125 0.0078125 0.03046875
0 0.56171875 0.33984375 0.00390625 0.01484375
0 0.565625 0.34453125 0.00390625 0.034375
0 0.54765625 0.4140625 0.00859375 0.03203125
0 0.55625 0.396875 0.00703125 0.02265625
0 0.56328125 0.41015625 0.00546875 0.01875
0 0.56953125 0.49609375 0.00703125 0.03046875
0 0.58203125 0.51796875 0.009375 0.03828125
0 0.56875 0.5140625 0.0046875 0.0125
0 0.5734375 0.5234375 0.00546875 0.01875
0 0.58046875 0.4890625 0.00859375 0.02421875
0 0.575 0.4875 0.00625 0.02265625
0 0.55546875 0.25390625 0.00546875 0.0125
0 0.56015625 0.2421875 0.0078125 0.0328125
0 0.559375 0.2125 0.00703125 0.03203125
0 0.55 0.23046875 0.00625 0.02890625
0 0.55390625 0.196875 0.00625 0.01484375
0 0.4734375 0.20234375 0.00703125 0.021875
0 0.4703125 0.19921875 0.0078125 0.01796875