0 0.8437691989030398 0.9981724038885862 0.04968100666796005 0.003655192222827708
0 0.7405323707236904 0.9434444578226007 0.05216827787978708 0.0291828889641522
0 0.7370086290586401 0.9001072156245169 0.04904327787978709 0.029019114653892685
0 0.9112581695254406 0.5820643017842784 0.044100686364517826 0.02564845318850324
0 0.8840897627076998 0.568871582991943 0.03785068636451783 0.025320904567984213
0 0.5810760751352337 0.4651169826986871 0.05178564060688338 0.024495388964152022
0 0.5656757629975638 0.9036815157153739 0.038105777879787084 0.02844590456798457
0 0.2925407651235957 0.760693997059324 0.04515300333397985 0.019480340343632996
0 0.283404881184672 0.7476617305509805 0.048660640606883555 0.024331614653892684
0 0.16216683634512136 0.5027918865893028 0.04671550333397989 0.01956222749876275
0 0.14421406179931415 0.5112661278828756 0.04515300333397989 0.019480340343633173
0 0.13101243119437034 0.4807597563315781 0.03852036606107632 0.014465291723114148
0 0.15612400149781208 0.4710915072360892 0.04021041181871081 0.016109678878243727
0 0.0631231716514726 0.40894231004047976 0.04333541181871082 0.01627345318850324
0 0.0568733005894265 0.4470597857302202 0.04021041181871081 0.016109678878243727
0 0.06825708180319348 0.40371922150586903 0.040337957576345354 0.017672178878243728
0 0.018209155440615125 0.3728510018090223 0.03396041181871082 0.01578213025772479
0 0.20755869786426978 0.39846623473485204 0.027837957576345374 0.017017081637205767
0 0.16522767665244245 0.38840183796878386 0.02302291181871081 0.015208920171816586
0 0.07259376650072158 0.38903924581612853 0.019387728788172697 0.008795145861557075
0 0.06545159088704924 0.5918743187469071 0.03683032030344174 0.012820904567984215
0 0.0019139599922413351 0.42071861374938135 0.0038279199844826702 0.01561835594746519
0 0.00012026718928450416 0.4174298394391219 0.00024053437856900832 0.017098968792335613