0 0.46206709438907245 0.4309643208224613 0.0382404796419344 0.038450494804219915
0 0.9159664450996663 0.6220084819899967 0.06460272054263569 0.03718292574646931
0 0.16229073257659507 0.5779386017450403 0.04398983189368777 0.03107503737886681
0 0.14399131555001704 0.5695962240210996 0.048777461443337077 0.032965319309851894
0 0.1456260618493892 0.678790907561239 0.0476154796419344 0.039106058666190435
0 0.2026165414913236 0.6466775300893998 0.048015997840531635 0.04535605866619026
0 0.5545609708564028 0.7387764568442754 0.041165220542635696 0.03554401609154336
0 0.5613709777962331 0.6937371084534296 0.03920220234403846 0.029184755447881728
0 0.5939529403193043 0.6873832016484953 0.022976425046142522 0.01871714901126431
0 0.6376726619416744 0.6786691193491929 0.04721496144333699 0.03285605866619044
0 0.684327616445181 0.6976265689808759 0.040564443244739935 0.026169016091543363
0 0.6618635286913971 0.7910105822224278 0.04575259099298634 0.03430929802252862