0 0.9555473640757988 0.37733704628895554 0.042696646276527875 0.025071777594401646
0 0.9883968848773612 0.4149204792772975 0.020858013867708535 0.024976689212119395
0 0.9870331002080907 0.3563267292772975 0.013009146276527873 0.022822193361304245
0 0.9767489104285765 0.3165538342563194 0.027180749050069154 0.02857528589277143
0 0.9679544854667016 0.2737743384055043 0.03666485182361114 0.033973180913749526
0 0.9450443155388196 0.29465460085305895 0.04916485182361115 0.03492037427505377
0 0.9295654391139239 0.3332551595663472 0.055414851823611146 0.035393970955705886
0 0.9173011752462156 0.3089296657901245 0.050618249050069154 0.0303512734452168
0 0.8673920942241669 0.30904714234490777 0.05381598423243048 0.03371307178554286
0 0.8548200122521876 0.338509499398522 0.04738414627652787 0.025426975104890736
0 0.8591263057551739 0.3559929973239296 0.06002961664124982 0.03262416846619489
0 0.8055103432742363 0.3308736755383868 0.05061824905006951 0.0303512734452168
0 0.7811071424768057 0.18708778674118592 0.05228985182361114 0.03515717261537983
0 0.770715156344514 0.20969649255004477 0.04607621941479181 0.03624607593472771
0 0.7617051386770836 0.29168019835890363 0.050581881458888846 0.028788773445216798
0 0.7560552039315628 0.3169878516782515 0.050581881458888846 0.028788773445216798
0 0.7556012622521877 0.33099115209317 0.04894664627652787 0.025545374275053767
0 0.7446825992581599 0.3644781583169473 0.05210801386770836 0.027344672615379827
0 0.7119973858272919 0.36746052574352384 0.042660278685347205 0.023509277594401645
0 0.708490526119896 0.35081747740319774 0.03949891109416655 0.021709979254075584
0 0.6835626080918752 0.31851354026567086 0.04742051386770836 0.026989475104890737
0 0.6776762840036807 0.3336649435850188 0.04887391109416672 0.022420374275053768
0 0.6398833836430905 0.21771971225635073 0.04745688145888884 0.028551975104890735
0 0.6485310318194794 0.1871801072773289 0.05225348423243048 0.03359467261537978
0 0.6564883489738195 0.16048755271322554 0.04607621941479181 0.03624607593472771
0 0.5379020031341321 0.15852046578083573 0.047493249050069505 0.030114475104890737
0 0.524948061454757 0.17157657283445 0.04113414627652787 0.024953378424238615
0 0.5858706437110767 0.3430856425454004 0.04109777868534721 0.023390878424238613
0 0.5845445330537503 0.35312349337523735 0.04582164627652787 0.025308575934727705
0 0.5855439886008336 0.36255769296031887 0.04894664627652787 0.025545374275053767
0 0.5889781131258683 0.3760757413006449 0.04422277868534721 0.023627676764564676
0 0.5907951862641323 0.38713164047080795 0.044113675911805574 0.018940176764564675
0 0.5458457089655558 0.36578851412116176 0.044186411094166544 0.022065176764564674
0 0.5508605172861808 0.3802062116316508 0.04113414627652787 0.024953378424238615
0 0.5399048334905906 0.37859616744050967 0.044186411094166544 0.022065176764564674
0 0.5040764362641322 0.3805604865267601 0.03473867591180557 0.01822978174358649
0 0.5114531783803475 0.3959370327924937 0.04102504350298623 0.020265878424238614
0 0.5544232348011116 0.4662621108018138 0.037863675911805575 0.01846658008391273
0 0.5479732130496184 0.4571947641211618 0.03317617591180557 0.018111382573423464
0 0.4818936181598614 0.43269074897431475 0.03644664627652787 0.024598180913749525
0 0.48171178020395866 0.42487824897431475 0.037863675911805575 0.018466580083912554
0 0.38881641859670174 0.4544930487645333 0.03313980832062509 0.01654888257342364
0 0.38601872691732675 0.46831875042420723 0.03477504350298606 0.01979228174358667
0 0.3901249986688198 0.4772084983496148 0.03619207313826393 0.013660680913749524
0 0.36866822596739623 0.4935196599673325 0.033139808320625 0.016548882573423462
0 0.3244097329012504 0.5018640336176864 0.02834320554708336 0.011506185062934549
0 0.32842508567479206 0.5068475315430938 0.031504573138263936 0.013305483403260432
0 0.33015123983510464 0.5139971807132568 0.02685344072944442 0.01451278589277134
0 0.44628669253239633 0.6117028201351576 0.03622844072944442 0.015223180913749523
0 0.44376110457649354 0.6037127213799132 0.03477504350298606 0.019792281743586493
0 0.3854232341355214 0.6772793533286366 0.031577308320625 0.016430483403260608
0 0.38057207997520887 0.6698929058181476 0.031504573138263936 0.013305483403260432
0 0.3345679425323963 0.6032372794685015 0.031540940729444425 0.014867983403260432
0 0.33714808187506995 0.6135711282237459 0.031504573138263936 0.013305483403260432
0 0.34656010267663245 0.6493785736596426 0.028379573138263937 0.013068685062934548
0 0.3428356906325353 0.656895075734235 0.029942073138263935 0.01318708423309758
0 0.31867149201930606 0.6574036385967081 0.030014808320625086 0.01631208423309758
0 0.2895106688810422 0.6442757539486923 0.025254573138263937 0.012831886722608488
0 0.28972887442812556 0.6536507539486922 0.026744337955902787 0.00982528589277134
0 0.29467094756638945 0.6649434514591813 0.026889808320624996 0.01607528589277134
0 0.2995402855222922 0.6731111489696703 0.028379573138263937 0.013068685062934548
0 0.32179779844007 0.7247095377668712 0.028379573138263937 0.013068685062934548
0 0.32426883500920195 0.7303558865221158 0.03313980832062509 0.01654888257342364
0 0.2854245405562853 0.7367709072680402 0.030014808320624996 0.01631208423309758
0 0.2802103636945492 0.7472940101724695 0.01428070554708336 0.010440592531467275
0 0.21382295070052146 0.7765778458554594 0.02365570554708336 0.011150987552445457
0 0.27858482057281275 0.30888270560836617 0.023801175911805573 0.01740098755244528
0 0.35799695079743066 0.16906411162700646 0.03964438145888893 0.027959979254075583