0 0.3000038979259835 0.45872219832331174 0.04059214901126431 0.0250636439408634
0 0.36668329953513784 0.457207753623844 0.03859260643661733 0.01868609818322895
0 0.37958213728232176 0.45065486468395044 0.030561585149293878 0.014923369395056164
0 0.3475669487985037 0.5546247586248138 0.0353583457929556 0.016868506667959693
0 0.34442552330413584 0.5658811230189001 0.027655106436617328 0.017793277879787083
0 0.19639756872877437 0.6400355843882674 0.03390510643661733 0.018303460910325243
0 0.26113741192383993 0.666965004082886 0.04393567029858776 0.02844373545613248
0 0.31408245944216545 0.5589294924139563 0.02743658514929388 0.014668277879787084
0 0.3892684937189391 0.4655783630169605 0.03088936708027914 0.019610869395056164
0 0.5180601292365501 0.4197082693756595 0.019514824505632154 0.012468049091614475
0 0.6417925601787996 0.4363222002801658 0.035467606436617415 0.018431006667959694
0 0.6383779830752774 0.4436723146742521 0.027327324505632154 0.013105777879787084
0 0.645611328868233 0.45722463164371396 0.03056158514929379 0.014923369395056164
0 0.6377441985464021 0.45708111043188654 0.03234260643661742 0.01817591515269079
0 0.7533363475576664 0.46964527012456553 0.027327324505632154 0.013105777879787084
0 0.7568601853048504 0.4638576557304791 0.035139824505632154 0.013743506667959694
0 0.7832041640175269 0.45856437785069204 0.02899908514929379 0.014795823637421535
0 0.4802701881548419 0.5422208692258783 0.022312042574646897 0.008035640606883554
0 0.47507458976399625 0.5465735293775993 0.029108345792955605 0.016358323637421533
0 0.9498617862935861 0.42610320890497955 0.030780106436617417 0.018048369395056163
0 0.9863791684570025 0.45500958784293355 0.02724166308599507 0.015306006667959693
0 0.7513364410048335 0.5758792946703728 0.024202324505632155 0.012850686364518004
0 0.7487577442231423 0.5839468861856418 0.01628056386197052 0.010650457576345395
0 0.8029207203379286 0.5944540804260676 0.027545845792955603 0.016230777879787085
0 0.821654294843561 0.6039248042132705 0.025655563861970165 0.011415732122152633
0 0.7680433397639963 0.5226586998211238 0.018826409654926123 0.024840503333980024
0 0.7883012094421654 0.5202193549718748 0.017952324505632156 0.012340503333980023
0 0.8257247997872394 0.4935932110310114 0.02096806386197052 0.011033094849248925
0 0.8270523530055481 0.5013419381521942 0.022639824505632334 0.012723140606883555
0 0.870190347809768 0.5339632484536962 0.017843063861970165 0.010778003333979847
0 0.9065648903844149 0.537279696028102 0.03201482450563198 0.01348841515269079
0 0.8788551536259668 0.5230417239078891 0.016280563861970167 0.010650457576345218
0 0.8408252759020259 0.5072890492123007 0.017733803218308707 0.009215503333979847
0 0.9575700155104657 0.5700445275414314 0.012937042574646895 0.007270366061076316
0 0.8726872810978058 0.4685455425443409 0.021077324505632333 0.012595594849248926
0 0.8797731614196369 0.4687528366349854 0.020858803218308707 0.009470594849248925
0 0.8846299062238568 0.5044990179985337 0.025764824505632333 0.012978232122152633
0 0.8834498184766728 0.5100953137561681 0.017624542574646896 0.007653003333979847
0 0.29383030758090956 0.4827974271114844 0.0353583457929556 0.016868506667959693