0 0.471875 0.91015625 0.0546875 0.121875
0 0.58359375 0.80390625 0.0421875 0.1
0 0.66875 0.66171875 0.0375 0.0921875
0 0.6875 0.58125 0.02890625 0.08984375
0 0.678125 0.490625 0.04296875 0.0953125
0 0.6140625 0.47890625 0.02265625 0.078125
0 0.62109375 0.3984375 0.01875 0.07109375
0 0.6015625 0.35859375 0.02109375 0.06796875
0 0.359375 0.5734375 0.03828125 0.11171875
0 0.07890625 0.753125 0.0625 0.13046875
0 0.0890625 0.6890625 0.06953125 0.11328125
0 0.37890625 0.51171875 0.04453125 0.084375
0 0.371875 0.546875 0.046875 0.09140625
0 0.340625 0.29453125 0.03671875 0.07109375
0 0.5234375 0.29765625 0.01640625 0.07109375
0 0.5671875 0.32421875 0.01875 0.065625