0 0.4920968102676223 0.3385786736978108 0.01603443577564878 0.008085235389503431
0 0.5699894369073025 0.4040593977232286 0.015952548620519025 0.006522735389503253
0 0.4849626616925319 0.4299440133893853 0.017596935775648782 0.008112508928453721
0 0.8537491197422753 0.04774476257531114 0.009538774310259157 0.00328864123370205
0 0.8624247568974048 0.04633226703953801 0.007976274310259157 0.0032613676947516935
0 0.8685143046134127 0.06442374796481454 0.007976274310259513 0.0032613676947516935
0 0.8671565225012372 0.0604902244258642 0.007976274310259513 0.0032613676947517156
0 0.865716853233932 0.05811920088691386 0.009620661465389447 0.004851141233702028
0 0.8551478454320158 0.05089703611426148 0.009538774310259512 0.0032886412337020444
0 0.855025014699321 0.05324078611426149 0.008058161465389447 0.004823867694751715
0 0.8629603454320158 0.05103340380901318 0.009538774310259512 0.00328864123370205
0 0.8651403211217563 0.05419931411743869 0.006413774310259512 0.003234094155801359
0 0.8594259096563668 0.0587913567311125 0.012745661465389446 0.0049056883116027185
0 0.8592621353461073 0.06191635673111249 0.009620661465389447 0.00485114123370205
0 0.8606608610358478 0.06506863027006285 0.011183161465389446 0.004878414772652384
0 0.8612783367255883 0.06820726703953801 0.008058161465389447 0.004823867694751715
0 0.8617729816826343 0.07368965380901318 0.007976274310259513 0.0032613676947516935
0 0.8632945381050694 0.07449817734796352 0.007976274310259513 0.0032613676947517156
0 0.8639529573723749 0.07685556411743868 0.008058161465389447 0.004823867694751694