0 0.9847668696001133 0.056012851351839456 0.030466260799773437 0.024201219414791697
0 0.42436760525696116 0.330242705928333 0.035248019237293704 0.025800087005972295
0 0.5297718678708329 0.3035509597280551 0.028834328130301047 0.020967116641249995
0 0.5564162134243291 0.30527646067798564 0.02888889183263199 0.022529616641249993
0 0.4589335782151191 0.33491136892236073 0.03346726442797028 0.01951371941479163
0 0.43443208601966743 0.3049881327900691 0.03050595553496276 0.024128484232430657
0 0.46787206859647223 0.32219316337527737 0.03357639183263199 0.02263871941479172
0 0.4513194856568477 0.29599433928708296 0.03363095553496294 0.024201219414791718
0 0.46856154935917865 0.29715679578409687 0.022638891832631812 0.02238414627652787
0 0.23880458357259676 0.14378179511850675 0.0386458377489479 0.03368532218833335
0 0.2629786935540633 0.1643300312507984 0.040099210344286276 0.03059668977951393
0 0.2784300787632733 0.13660442154340252 0.03859127404661713 0.03212282218833336
0 0.2947098431912436 0.15499074563159698 0.038482146641955414 0.028997822188333355
0 0.24650297776748142 0.009209386208541576 0.061755955534962846 0.018418772417083153
0 0.2648536736837974 0.01751219547909712 0.0481299651536097 0.03502439095819424
0 0.5247719208582086 0.6977373708222218 0.052435519237293705 0.026200130508958353
0 0.6961037730351267 0.7453539871791314 0.0477480192372937 0.026091027735416716
0 0.6940923505324557 0.6429738695879508 0.047638891832631994 0.022966027735416717
0 0.661917256793058 0.6843807727983329 0.04607639183263199 0.02292966014423605
0 0.47583096777031636 0.8411795527179511 0.05249008293962447 0.02776263050895835