0 0.4629759770022234 0.6737745336956961 0.01435502591898139 0.03982732450563216
0 0.43824937907574196 0.6689013633971083 0.015311933176296222 0.050764824505632154
0 0.42735083529629747 0.6587069085696452 0.020956340433611054 0.06203010643661742
0 0.4246065441087511 0.6451525069604909 0.011835618661666557 0.02878056386197052
0 0.3936887347779178 0.6571390547309179 0.019257139396851742 0.060358345792955605
0 0.41067118322277896 0.660684671811197 0.019257139396851742 0.060358345792955605
0 0.6612562350607417 0.5996043322224277 0.015175232139537087 0.04920232450563215
0 0.6579651397261584 0.5922999306132735 0.01156221658814811 0.025655563861970522
0 0.7065666094718526 0.4141256541301698 0.009589613477870351 0.020858803218308707
0 0.6939299084350934 0.4148140689808759 0.006327912441111039 0.01907778193098526
0 0.6860490579167137 0.4150490157625672 0.00945291244111104 0.01929630321830871
0 0.5925813133833339 0.32440795424638535 0.004355309330833279 0.014281021287323448
0 0.6303451535341209 0.3419832203379287 0.0029295103675925915 0.015734260643661725
0 0.627220153534121 0.34176469905060525 0.006054510367592592 0.01595278193098526
0 0.5438116227141672 0.30684911364920986 0.004355309330833279 0.014281021287323448
0 0.546799921677408 0.3086301349365333 0.004081907257314832 0.011156021287323448
0 0.5643585685671301 0.31457413233864323 0.0057811082940741445 0.012827781930985261
0 0.6577182978319451 0.3525436619238399 0.006054510367592414 0.01595278193098526
0 0.6693003467951858 0.35492561675130296 0.005917809330833279 0.01439028193098526
0 0.6651890452400469 0.35699621514214863 0.00394520622055552 0.009593521287323447
0 0.6192709524973617 0.34278089583229654 0.0057811082940741445 0.01282778193098517
0 0.6171322540525006 0.34027325486680393 0.004081907257314654 0.011156021287323448
0 0.6194760040525006 0.34043714583229656 0.005917809330833279 0.014390281930985172
0 0.44909515353412094 0.32930898567316746 0.0023827062205555192 0.009484260643661724
0 0.4505893030157413 0.3301994963168292 0.004081907257314832 0.011156021287323448
0 0.4563314550892598 0.3274569085696452 0.004355309330833279 0.014281021287323448
0 0.45867520508925985 0.32762079953513784 0.004355309330833279 0.014281021287323448