0 0.2226418267599203 0.13092596338005857 0.012003092531467275 0.014699536831702975
0 0.2271400726107354 0.12288595022587893 0.012358290041956276 0.019387036831702932
0 0.2070168267599203 0.13183601599677705 0.01115098755244528 0.0239835315700311
0 0.28146960725410697 0.27839322660482535 0.019910680913749524 0.03693855787839038
0 0.19850005144060373 0.45978671074922267 0.018348180913749568 0.03684755261671846
0 0.19003543338932732 0.5201704739034023 0.01991068091374957 0.03693855787839038
0 0.12219212487653172 0.7893523843843936 0.026515878424238616 0.04199007892507769
0 0.6230055732122134 0.9445224006635193 0.019437084233097403 0.030688557878390553
0 0.6171000379441419 0.8787531874952222 0.027344672615379827 0.05292757892507751
0 0.6136397993660113 0.4317185637753466 0.01607528589277134 0.02738154735504672
0 0.6216890977063374 0.4281385374669875 0.019910680913749524 0.03693855787839038
0 0.5862018835991087 0.4037601637471118 0.01654888257342364 0.03363154735504668
0 0.6315754284149498 0.29766978746698747 0.019792281743586493 0.03537605787839038
0 0.7080339524848666 0.15087881647676982 0.013423882573423463 0.03344953683170297