0 0.168434101178853 0.8717643781100183 0.04397314060688347 0.02408595318850324
0 0.15121465027046743 0.8539970239715753 0.047098140606883464 0.024249727498762752
0 0.17479554254434088 0.8224227973773235 0.044228232122152544 0.02721095318850324
0 0.127601162398439 0.6763157592722541 0.04021041181871086 0.016109678878243727
0 0.40937757875907765 0.7408950791508149 0.028348140606883555 0.02326708163720568
0 0.4132679822428388 0.7694737805302958 0.03772314060688342 0.023758404567984216
0 0.374826848762957 0.640021975916883 0.028348140606883555 0.02326708163720568
0 0.3928115742171498 0.6484143300553261 0.028348140606883464 0.023267081637205856
0 0.4017561395196217 0.6627258135469827 0.029655549091614476 0.020223968792335612
0 0.4044507048220936 0.6773648456591583 0.02952800333397998 0.01866146879233561
0 0.3864181819432764 0.6790877979431504 0.027837957576345395 0.017017081637205677
0 0.3754009336102663 0.6711082016066235 0.030962957576345394 0.01718085594746519
0 0.20043249770479027 0.5845952487568046 0.051530549091614454 0.02137038896415202
0 0.13321278892049687 0.49321333220303265 0.03877545757634535 0.01759029172311415
0 0.5407223999806033 0.4850810911366025 0.05009559484924893 0.022851001809022265
0 0.5492843280101717 0.5040800746282592 0.03172823212215263 0.02655585594746519
0 0.46548328391952704 0.5014707310052657 0.03459814060688356 0.0235946302577247
0 0.4502728721008163 0.5162702154014335 0.03603309484924892 0.022114017412854636
0 0.4707288933126435 0.5229772388071818 0.028348140606883378 0.02326708163720568
0 0.4648934814939327 0.5372854002725711 0.027965503333979846 0.01857958163720568
0 0.5640320963470611 0.4091803324301752 0.028348140606883378 0.02326708163720572
0 0.5454096421046956 0.4086004782917323 0.03380091515269079 0.032887743102595124
0 0.5541628887707157 0.42525571178338895 0.04241064060688356 0.024004066033373662