0 0.09269409845230728 0.6283669026050338 0.04076135538619428 0.025329639784752268
0 0.08536741178221971 0.5772581668730575 0.03294885538619428 0.02496576674922295
0 0.011570842598574806 0.5121190103390821 0.017287493949875797 0.017988020678164317
0 0.0582498789975159 0.34636988585581086 0.04705680718159235 0.03343323821317572
0 0.09526354478675635 0.26452272642635144 0.025099993949875787 0.018351893713693723
0 0.11559422550491558 0.2685937963187276 0.03452953610435352 0.028163541356328814
0 0.13960844242562417 0.23456555272886837 0.040770445745273866 0.026892139784752266
0 0.1407118792921035 0.15573207733597422 0.031395445745273864 0.026455492142117176
0 0.718687409248137 0.29121604466158857 0.012536361436318444 0.006832196856846906
0 0.736942505559145 0.3412717026433059 0.015670451795397965 0.008540246071058544
0 0.7377010296614459 0.33740183994685885 0.017242042154477666 0.010175520678164407
0 0.6680112192583996 0.44115823262709525 0.021938632513557366 0.011956344499482085
0 0.6321100806947182 0.4457344166636606 0.021938632513557366 0.011956344499482085
0 0.6381873638722053 0.416338015092084 0.018786361436318445 0.007123295285270359
0 0.6279402102814092 0.40023998014589585 0.020367042154477842 0.010321069892376088
0 0.6021725958200286 0.4013829491286492 0.023501132513557364 0.012029119106587816
0 0.4741112283335859 0.40635293134596895 0.03134090359079629 0.017080492142117088
0 0.4756510024358869 0.4025194559530748 0.03134999394987581 0.018642992142117086
0 0.4709044151018694 0.3921448821317572 0.03133181323171659 0.015517992142117087
0 0.2410254966803503 0.21429590219074912 0.03609203610435348 0.028236315963434677
0 0.37121699072842196 0.17271633188408822 0.0313409035907962 0.017080492142117175
0 0.3703175660603869 0.15236744458053528 0.0266534035907962 0.016862168320799585
0 0.30234881606038694 0.14920174917143048 0.02509999394987581 0.018351893713693723
0 0.3163840449831481 0.1451692206353832 0.03450226502711464 0.02347604135632886
0 0.3132045028286704 0.13564867142117149 0.03450226502711464 0.02347604135632886
0 0.5052107165279252 0.24768856079163903 0.020367042154477842 0.010321069892376222
0 0.6881964542312851 0.4202293025194714 0.020367042154477842 0.010321069892376222