0 0.1 0.3859375 0.0140625 0.02890625
0 0.203125 0.36171875 0.01328125 0.025
0 0.34921875 0.2875 0.00703125 0.02265625
0 0.34140625 0.2890625 0.00625 0.0203125
0 0.31328125 0.29453125 0.0078125 0.02578125
0 0.4203125 0.3015625 0.00546875 0.021875
0 0.475 0.31875 0.0078125 0.0265625
0 0.55 0.49375 0.01328125 0.05234375
0 0.56875 0.5125 0.0140625 0.059375
0 0.56640625 0.50078125 0.01328125 0.02890625
0 0.63125 0.56171875 0.01796875 0.04765625
0 0.4703125 0.72109375 0.02890625 0.103125
0 0.78046875 0.390625 0.009375 0.03984375
0 0.7890625 0.38828125 0.0125 0.040625
0 0.88671875 0.43203125 0.01484375 0.0484375