0 0.07926629968343088 0.12669827886860802 0.032659387305303114 0.05025760523343701
0 0.11812421120362879 0.1360046604104042 0.0343128155185485 0.053473610495108834
0 0.1426839420032989 0.12569649196631788 0.031005959092057722 0.04704159997176514
0 0.1616612625364123 0.11897605510638007 0.03748327962517113 0.05521812101845254
0 0.12149325211157107 0.18159017619541978 0.032704851411925785 0.05182010523343701
0 0.17394230219071333 0.1541245998305908 0.030915030878812377 0.043916599971765134
0 0.19279159059137313 0.17869966560148892 0.03123327962517113 0.05485409997176514
0 0.20105873165759994 0.16352969190984817 0.032613923198680436 0.04869510523343701
0 0.24880825837977721 0.24378561028334733 0.02944345909205772 0.04695059471009326
0 0.1923165659807669 0.27571117349399665 0.03573892319868044 0.048877115756780665
0 0.2851308886254514 0.4478052523484872 0.02461956677218975 0.04199007892507769
0 0.3334009040648575 0.42948716282947863 0.02930706677218975 0.04226309471009326
0 0.33874763361088644 0.4071039286144941 0.026091138558944314 0.038956084186749604
0 0.4370991832278103 0.06615197589895366 0.026091138558944495 0.03895608418674958
0 0.565678824294037 0.05798940735604528 0.024528638558944493 0.038865078925077734
0 0.4318838681714802 0.43365799431480506 0.024846887305303156 0.04980257892507787
0 0.41918763987909263 0.46656920485226633 0.026091138558944495 0.038956084186749604
0 0.41018471291948844 0.48013117591307103 0.027653638558944316 0.03904708944842135
0 0.39693455516021425 0.5051843838196962 0.027653638558944316 0.03904708944842135
0 0.3942725564138555 0.5159853759271884 0.027699102665567032 0.04060958944842134
0 0.6127223427029442 0.37767184677623183 0.028153743731793846 0.056234589448421524
0 0.5710001924655174 0.4668029652344356 0.02461956677218957 0.04199007892507769
0 0.5932699975592245 0.4814037915286774 0.030960494985435006 0.04547909997176518
0 0.5792385897999502 0.5064114968044666 0.024346782132453625 0.03261507892507787
0 0.4722825814866801 0.7396496600574685 0.024574102665567032 0.04042757892507787
0 0.4966270151102018 0.6291594810900383 0.026136602665567034 0.040518584186749605
0 0.5037181010827213 0.6006172521367257 0.029534387305303157 0.05007559471009326
0 0.479547163698276 0.6782494284733198 0.021267246239076342 0.03399556840173403
0 0.5058596111118513 0.6883902679217413 0.02600021034569906 0.03583108418674961
0 0.5270646728694761 0.6051073310618035 0.027653638558944493 0.03904708944842135
0 0.5246610868969565 0.6339225758001316 0.021221782132453626 0.03243306840173403
0 0.4871346916740945 0.7671222126741869 0.026363923198680438 0.048331084186749605
0 0.5031090326611791 0.7829215179217413 0.019568353919208192 0.029217063140062116
0 0.523407160795282 0.8114938389543113 0.022966138558944492 0.038774073663405774
0 0.5296691841522471 0.7038633494776549 0.024665030878812288 0.04355257892507769
0 0.5338398586045688 0.6681078600009986 0.024528638558944493 0.038865078925077866
0 0.5425018047645028 0.6662646389401938 0.013181961599340219 0.024165542093374803
0 0.553916677884041 0.6504954257718968 0.024528638558944316 0.03886507892507769
0 0.6048654124446348 0.6745923494070678 0.026272994985435005 0.04520608418674961
0 0.655224147467447 0.9968643786286115 0.027744566772189748 0.006271242742776906