0 0.6967253506597595 0.6646037754216778 0.024202324505631978 0.011210220003181703
0 0.7057339999231254 0.7599435474219959 0.025983345792955602 0.014353401336727245
0 0.705477273808339 0.7451088880887686 0.022967606436617417 0.01587953866963616
0 0.6933375427498739 0.8394219620862234 0.019733345792955603 0.014280676002545078
0 0.7094163747970746 0.7232975227561778 0.022858345792955603 0.014317038669636161
0 0.6998660481977556 0.8769674154200869 0.021295845792955605 0.01429885733609062
0 0.6695993939907112 0.8906662887491781 0.021405106436617416 0.015861357336090974
0 0.6729047104505715 0.8821179920830418 0.01795232450563198 0.011137494668999891
0 0.26922841737172154 0.7244203866963623 0.04906021287323466 0.031795440006363404
0 0.5041511765027741 0.2884487133990879 0.0389203883676025 0.02074885200509069
0 0.39777549036474447 0.2965782920512249 0.036013909654926034 0.023837489337999784
0 0.3432297380189559 0.38727547004295254 0.04426345222957302 0.03017839600572696
0 0.3146030854013954 0.08952831337522535 0.06366901609154337 0.039771572008272346
0 0.5330910054478817 0.043672562738678505 0.0342328883676025 0.02069430800445434
0 0.4551245425746469 0.011540768061724433 0.05087408514929379 0.013081802673454235
0 0.3236174524816745 0.10680672004295258 0.052294473516896464 0.033394302673454224
0 0.4308122294689811 0.2220237347230883 0.04749771287323483 0.03177725867281787
0 0.4456506256302538 0.1886299793920882 0.03924817029858776 0.02543635200509069
0 0.4601940908492771 0.12869190539463354 0.04226390965492595 0.023910214672181594
0 0.5682033328035054 0.11043334874281467 0.03913890965492613 0.02387385200509069
0 0.5380345036062962 0.2818174527370877 0.030998627723940686 0.019095445337363424
0 0.5220324451922075 0.3097333674013151 0.02307686708027905 0.01744203866963625
0 0.5920007377668544 0.31679243674408736 0.0342328883676025 0.02069430800445433
0 0.5504959348006473 0.3818810874044967 0.0357953883676025 0.020712489337999785
0 0.5587833182245713 0.5115594967377239 0.03434214901126431 0.022256808004454242