0 0.10238714640999613 0.5966503499545714 0.1464778463973609 0.10128361827193721
0 0.18829825118713422 0.46620261137453217 0.11927884890464328 0.07801653663473154
0 0.3170106214036785 0.35905957598299626 0.10815949247815268 0.07119332654882315
0 0.3956979110579796 0.3288608208946136 0.09998327962517113 0.05828389077317438
0 0.4916098046314888 0.3276468809350933 0.11307431301126591 0.07925148801421233
0 0.5161073509497074 0.3921154946844747 0.08707410266556703 0.04356629353213641
0 0.5975021034569898 0.3745395703287867 0.07747178213245362 0.03526247060135788
0 0.6432010483632826 0.3901955478275495 0.07457410266556704 0.042911196291098366
0 0.47350964014179003 0.6707041621427579 0.12364810015828454 0.06732469810012062
0 0.3474916755729489 0.9673656416776855 0.15071070533113406 0.06526871664462916
0 0.4119262486133447 0.9579618648232348 0.13402331050398358 0.08407627035353045
0 0.5327566080093364 0.6426068176152532 0.10195495658477541 0.07242827792830404
0 0.49796407086231775 0.6532643566248338 0.10999477711788863 0.08065021370395282
0 0.763983875956025 0.6539448665744565 0.08610263605166182 0.06379690637700648
0 0.7225679511079919 0.46378021200647224 0.07747178213245362 0.03526247060135788
0 0.6854483843358021 0.4212718074384879 0.07287521034569906 0.03814180913596861