0 0.1171875 0.85 0.01875 0.03515625
0 0.12109375 0.74375 0.02890625 0.0328125
0 0.1234375 0.72734375 0.025 0.0203125
0 0.309375 0.5796875 0.0109375 0.040625
0 0.3140625 0.86953125 0.0375 0.01484375
0 0.31640625 0.859375 0.03515625 0.0125
0 0.16640625 0.53203125 0.01640625 0.03046875
0 0.18203125 0.478125 0.02109375 0.053125
0 0.28515625 0.34140625 0.0125 0.03515625
0 0.20703125 0.3859375 0.01796875 0.028125
0 0.20546875 0.37890625 0.01484375 0.02890625
0 0.5296875 0.9796875 0.0109375 0.03828125
0 0.5375 0.78359375 0.0125 0.03671875
0 0.553125 0.81953125 0.0078125 0.0421875
0 0.48046875 0.775 0.009375 0.0265625
0 0.47890625 0.5484375 0.0109375 0.0328125
0 0.4703125 0.540625 0.0109375 0.03046875
0 0.3578125 0.45859375 0.0265625 0.01875
0 0.36328125 0.446875 0.00859375 0.01484375
0 0.353125 0.44453125 0.0078125 0.01171875
0 0.303125 0.42109375 0.015625 0.01796875
0 0.303125 0.3328125 0.01171875 0.03203125
0 0.3140625 0.31171875 0.0078125 0.02421875
0 0.4734375 0.40546875 0.0125 0.03203125
0 0.4734375 0.396875 0.01171875 0.0265625
0 0.4515625 0.29375 0.0046875 0.01640625
0 0.39921875 0.3703125 0.0109375 0.02421875
0 0.403125 0.36015625 0.01484375 0.021875
0 0.453125 0.28125 0.01015625 0.03203125
0 0.52890625 0.33515625 0.00703125 0.025
0 0.51484375 0.2828125 0.01015625 0.02265625
0 0.51328125 0.2734375 0.00859375 0.021875
0 0.528125 0.11640625 0.00546875 0.02890625
0 0.23359375 0.2578125 0.01484375 0.025
0 0.23046875 0.225 0.0125 0.0265625
0 0.25234375 0.15 0.0140625 0.03046875
0 0.275 0.06953125 0.01484375 0.03203125
0 0.2859375 0.08984375 0.00859375 0.0328125
0 0.30078125 0.10390625 0.00859375 0.03515625
0 0.31015625 0.0421875 0.00859375 0.03203125
0 0.5265625 0.11953125 0.00546875 0.02265625
0 0.475 0.06640625 0.0078125 0.021875
0 0.48125 0.0609375 0.00625 0.02265625
0 0.37265625 0.103125 0.00703125 0.01875
0 0.37421875 0.090625 0.00703125 0.01875