0 0.9958316922292324 0.7479689683746369 0.008336615541535152 0.05319772287263689
0 0.6382883995837754 0.6763469357863248 0.026817030054229286 0.04390453610435348
0 0.6242486254814745 0.6801713725546084 0.025263620413308985 0.04545794574527377
0 0.6172991887131911 0.6941929659387499 0.018922716822512696 0.02979658430895533
0 0.5794128484523073 0.6275685473208391 0.018995439695149587 0.04229658430895533
0 0.5240491584625699 0.7795850443939729 0.023601126463433174 0.028261355386194252
0 0.5009474808676687 0.7028907341873184 0.018913626463433177 0.028234084308955333
0 0.474774824546398 0.5011827884420446 0.014198855386194253 0.023519313231716587
0 0.5160219932625048 0.4740799329576544 0.020539758976990542 0.03918067466803503
0 0.45259075233769097 0.4479305234149299 0.020485216822512697 0.02980567466803503
0 0.49252540592848726 0.46378732757146013 0.023701120413308983 0.045448855386194253
0 0.48471745110802705 0.4645231257760621 0.018986349336070064 0.04073408430895533
0 0.4637822615110732 0.357373701108027 0.018940897540672096 0.03292158430895542
0 0.4555970567888089 0.29326574931262894 0.022120439695149586 0.04231476502711464
0 0.79768962889932 0.41322074277152543 0.023664758976990365 0.039198855386194255
0 0.7028583970496927 0.3611082760472085 0.026844301131468205 0.048592036104353475
0 0.6984339965821544 0.2720230501495095 0.029969301131468028 0.048610216822512695
0 0.6472754966803503 0.20688386347942195 0.017332945745273776 0.02509999394987581
0 0.6525624394987579 0.1756656797362006 0.02051248789975162 0.03449317466803503
0 0.6613289063212706 0.20540317671113853 0.029932939695149586 0.04236021682251272
0 0.646717481358648 0.3795310231203423 0.0220658975406721 0.03293976502711464
0 0.6568600958200286 0.37724636045435983 0.020567030054229284 0.04386817466803503
0 0.5109117915653025 0.4013964118804155 0.01738748789975162 0.03447499394987581
0 0.5053930445903646 0.39277084562363695 0.02363748789975162 0.03451135538619425
0 0.4829680778660478 0.29811233059652226 0.015797716822512697 0.0297784035907962
0 0.6086675146343312 0.2847816045024315 0.015834078258831142 0.0360284035907962
0 0.5874464996072165 0.26278388465485664 0.015834078258831142 0.0360284035907962
0 0.581019237605164 0.23227877321853815 0.018940897540672096 0.03292158430895542
0 0.5744334152000652 0.3088003666026799 0.022129530054229286 0.04387726502711464
0 0.5970851200205255 0.30815092680933437 0.017351126463433175 0.02822499394987581
0 0.6017226230455875 0.2995844478865732 0.014235216822512697 0.02976931323171659
0 0.6110976230455876 0.2996389900410509 0.02208407825883114 0.03606476502711464
0 0.5776169816532356 0.18460434250037894 0.02210225897699054 0.039189765027114645
0 0.5647584333504378 0.2571833244482022 0.01895907825883114 0.03604658430895542
0 0.5780533188890573 0.25960434250037895 0.01101931323171641 0.014126132513557366
0 0.5756595719141193 0.2509969569617595 0.00947499394987581 0.017242042154477666
0 0.4992960180521767 0.016185619725937864 0.017342036104353475 0.02666249394987579
0 0.5204579457452739 0.028027089573512704 0.017378397540672098 0.0329124939498758
0 0.5083215601084585 0.09045436670087577 0.014217036104353476 0.026644313231716545
0 0.5391675600102628 0.1554753787029283 0.01581589754067192 0.0329034035907962
0 0.5588215298578376 0.1766827581914235 0.020539758976990542 0.03918067466803503
0 0.555732891294156 0.18291457747326428 0.012627265027114731 0.02194772287263693
0 0.5332129966803503 0.20622026726660986 0.025245439695149585 0.04233294574527387
0 0.52306129185989 0.20694242993259232 0.022093168617910663 0.037627265027114644
0 0.5469664244716433 0.1531770804983264 0.017378397540672098 0.03291249394987581
0 0.49708407825883116 0.03882823418731844 0.012645445745273775 0.025072722872636944
0 0.4939545330792914 0.0380288034691592 0.01426248789975162 0.034456813231716565
0 0.4915562409248137 0.02864016793053977 0.014244307181592397 0.03133181323171656
0 0.41893687324197926 0.16883792105379775 0.020557939695149584 0.04230567466803503
0 0.4259453973442803 0.164972577669656 0.01269998789975162 0.03444772287263698
0 0.4487289123713949 0.18697938787631047 0.014217036104353476 0.026644313231716545
0 0.43523858411256366 0.15096461982413373 0.01582498789975162 0.034465903590796196
0 0.38356699980360826 0.13191463797450634 0.01895907825883114 0.03604658430895542
0 0.3776255511314682 0.05063282171772767 0.018986349336070064 0.040734084308955414
0 0.39014373184962736 0.053830544590364626 0.02051248789975162 0.03449317466803503
0 0.40741759026088376 0.06877428854024041 0.01895907825883114 0.03604658430895542
0 0.4121005450813439 0.06802030961747926 0.01740566861791084 0.0375999939498758
0 0.4109516564194665 0.13910496925839966 0.01894998789975162 0.03448408430895542
0 0.4187596112399268 0.13836917105379773 0.01895907825883114 0.03604658430895542
0 0.4280937046240685 0.13139246320827544 0.014217036104353476 0.026644313231716545
0 0.43986699677854624 0.1408356409013726 0.006340903590796287 0.015661361436318445
0 0.44691642749670546 0.14400154751723088 0.012663626463433175 0.028197722872636933
0 0.42073520169720224 0.07510155659241717 0.00790340359079611 0.0156704517953981
0 0.4263993944174141 0.10872712284919583 0.012645445745273775 0.025072722872636934
0 0.8311788397699044 0.3954474354917372 0.014198855386194253 0.023519313231716587
0 0.8319010024358869 0.385295730671277 0.028397710772388507 0.047038626463433174
0 0.4206397529268663 0.058695306592417174 0.017342036104353475 0.026662493949875805