0 0.487171126134457 0.368349840017457 0.037576409654926125 0.026371052425594323
0 0.5988680968013618 0.3549406574459608 0.031107888367602497 0.022735869395056164
0 0.6272662484105161 0.36114273108338246 0.03299817029858776 0.027550915152690703
0 0.524326918709104 0.37759716532186854 0.03612317029858776 0.027806006667959692
0 0.49786832551403837 0.3435889560785333 0.036341691585911204 0.03093100666795978
0 0.5328824638816408 0.3666436898676758 0.037576409654926125 0.026371052425594323
0 0.5151815116520679 0.33568073229133044 0.037904191585911205 0.03105855242559432
0 0.5348766526175606 0.3396188042617621 0.026638909654926123 0.02547823212215263
0 0.29055358020561534 0.14489700925303364 0.04470049480421991 0.03938123545613248
0 0.3164658701823722 0.17109271849636892 0.044481973516896464 0.03625623545613248
0 0.3324132982746301 0.14365324470916607 0.04313799480421991 0.03925368969849794
0 0.3494586866422327 0.16524120228551142 0.04302873416055819 0.03769118969849794
0 0.5936110583372142 0.7685409007780011 0.05843521287323465 0.03584164727484325
0 0.7759972234400218 0.8440186171483379 0.04996714901126431 0.02582891848667046
0 0.7730911087055313 0.7358075044212417 0.04996714901126431 0.02582891848667046
0 0.7392677657625673 0.7742164291168301 0.05007640965492612 0.02739141848667064
0 0.5407641998069099 0.9125940475938024 0.054982430942249395 0.03089905575957417