0 0.2111797551999243 0.5816503603539346 0.03436171189493058 0.06119510523343692
0 0.28837634102100157 0.5090388839608707 0.03937011646291486 0.09731461575678076
0 0.29209008197589004 0.2678069392084251 0.02268722749876275 0.046495568401734036
0 0.293703491632257 0.2242844523626047 0.022359678878243815 0.04024556840173403
0 0.31252873473485204 0.256535510240995 0.025484678878243815 0.04042757892507769
0 0.3562411131835545 0.24350416019864268 0.015536468792335523 0.02894404735504672
0 0.6051953488229177 0.520481702080256 0.03567855042954129 0.056598610495108836
0 0.5160066960639558 0.5277488995341247 0.03822369629109836 0.07543961575678075
0 0.5117352758921392 0.5056918890107809 0.040195632066747145 0.0833431210184525
0 0.8836578635222387 0.4985358965503529 0.05089411465389269 0.0496961631118273
0 0.24980632745333428 0.14462006818997253 0.01512703301668683 0.02113154735504663
0 0.26489573891872353 0.1501721181758551 0.012083920171816587 0.02251203683170293
0 0.235750471505869 0.11420452609659773 0.008713258706427317 0.01764252630835923
0 0.32139804443664755 0.12853931285771353 0.0069050972410380496 0.012864021046687402
0 0.3237417944366475 0.1286758207502213 0.00534259724103805 0.012773015785015574
0 0.37176321460846407 0.15328097860037676 0.010275758706427319 0.017733531570031102
0 0.5240560549520972 0.20576748372087428 0.01027575870642714 0.017733531570031057
0 0.5092056608995623 0.23449942847331987 0.012165807326946165 0.024074536831702888
0 0.5139750480546921 0.23633494425833543 0.0122476944820761 0.025637036831702886
0 0.5204707095200813 0.24138646530502278 0.01027575870642714 0.017733531570031057
0 0.5464976209854706 0.24757555212260832 0.01027575870642714 0.017733531570031148
0 0.8068563461093842 0.4597926439901041 0.02992651741285437 0.03601309471009344