0 0.50859375 0.73203125 0.01484375 0.03515625
0 0.50625 0.66640625 0.0109375 0.03515625
0 0.49921875 0.65390625 0.00703125 0.028125
0 0.60234375 0.68125 0.0109375 0.0328125
0 0.61328125 0.684375 0.01015625 0.025
0 0.690625 0.828125 0.0109375 0.02890625
0 0.715625 0.7625 0.01640625 0.03828125
0 0.6078125 0.71484375 0.01015625 0.02421875
0 0.51484375 0.64375 0.0125 0.0265625
0 0.465625 0.51796875 0.0109375 0.01796875
0 0.4796875 0.39609375 0.009375 0.0328125
0 0.48671875 0.3984375 0.00703125 0.025
0 0.5 0.390625 0.00625 0.028125
0 0.49921875 0.3984375 0.00859375 0.03046875
0 0.509375 0.284375 0.00625 0.025
0 0.503125 0.28125 0.00625 0.034375
0 0.49765625 0.2546875 0.00859375 0.025
0 0.5875 0.55078125 0.00546875 0.02265625
0 0.59140625 0.55625 0.0078125 0.0265625
0 0.4625 0.09140625 0.00859375 0.028125
0 0.48984375 0.05078125 0.0078125 0.0328125
0 0.6140625 0.28203125 0.00703125 0.021875
0 0.621875 0.284375 0.00859375 0.01484375
0 0.63125 0.23125 0.00859375 0.025
0 0.640625 0.2125 0.0046875 0.0265625
0 0.5609375 0.26796875 0.02109375 0.01484375
0 0.55859375 0.2484375 0.0078125 0.01640625
0 0.53125 0.2109375 0.0078125 0.01875
0 0.5390625 0.21015625 0.009375 0.01875
0 0.56953125 0.1671875 0.00625 0.01640625
0 0.5734375 0.13046875 0.00625 0.03046875
0 0.559375 0.1578125 0.00703125 0.01640625
0 0.54453125 0.19609375 0.00546875 0.01640625
0 0.60390625 0.0796875 0.00546875 0.0140625
0 0.50625 0.16640625 0.0078125 0.01796875
0 0.50546875 0.159375 0.00703125 0.01875
0 0.540625 0.15390625 0.0078125 0.025
0 0.546875 0.15390625 0.00390625 0.01640625
0 0.5328125 0.7375 0.009375 0.0328125