0 0.3421875 0.6765625 0.01796875 0.0296875
0 0.03984375 0.83359375 0.03203125 0.01640625
0 0.39453125 0.4640625 0.01015625 0.03203125
0 0.29296875 0.4625 0.0140625 0.02265625
0 0.46875 0.78359375 0.01796875 0.0265625
0 0.440625 0.76796875 0.00859375 0.02109375
0 0.465625 0.76328125 0.01015625 0.0203125
0 0.45546875 0.7578125 0.01015625 0.02109375
0 0.45703125 0.225 0.00625 0.0171875
0 0.45078125 0.34140625 0.01015625 0.02578125
0 0.4484375 0.221875 0.00703125 0.0265625
0 0.4640625 0.3453125 0.00703125 0.0234375
0 0.7796875 0.54140625 0.01875 0.03359375
0 0.7703125 0.5328125 0.01796875 0.0296875
0 0.765625 0.525 0.01484375 0.0265625
0 0.76328125 0.51171875 0.0140625 0.02578125
0 0.98359375 0.6125 0.02734375 0.02734375
0 0.9625 0.5828125 0.0203125 0.02265625
0 0.95234375 0.53671875 0.02265625 0.0234375
0 0.9453125 0.5234375 0.0265625 0.02109375