0 0.38568791402946057 0.9240701144450455 0.01312162628012441 0.037690914772652205
0 0.5037406930392428 0.9868723031636855 0.014593121018452494 0.02625539367262917
0 0.5095811693617195 0.993958100241586 0.013774073663405773 0.012083799516828008
0 0.432846966222656 0.4634871704514 0.01835515785015538 0.04714773538950343
0 0.4735692187123176 0.3148275279998819 0.01624662628012441 0.03774546185055305
0 0.4864101239316371 0.2689110560030591 0.011559126280124232 0.0376636412337021
0 0.6133410191217232 0.7481736363591428 0.013030621018452492 0.036128414772652384
0 0.612203453350825 0.7677048863591428 0.01119510523343692 0.03141364123370209
0 0.7695022009317507 0.9887931105897266 0.015973610495108835 0.022413778820546782
0 0.7814484640859302 0.9845780562065777 0.021207142065139805 0.030843887586844688
0 0.5722125740869289 0.4338559918790299 0.011559126280124232 0.0376636412337021
0 0.5786445846102726 0.43084008603483126 0.01155912628012441 0.0376636412337021
0 0.7096124055016683 0.2634225353034826 0.01312162628012441 0.037690914772652385
0 0.7278240792074264 0.28641970454036186 0.013030621018452492 0.036128414772652384
0 0.5240312212725664 0.24063209739891694 0.01422909997176518 0.029905688311602674
0 0.5102039397025353 0.24977527231783908 0.016064615756780753 0.03462046185055305
0 0.5105973238045802 0.1356036781620377 0.01221157366340595 0.022065914772652385
0 0.48423922113139195 0.09134911769145641 0.01119510523343692 0.03141364123370205
0 0.499674505332259 0.08145196631148463 0.013030621018452492 0.036128414772652384
0 0.47349841318241453 0.034072405840903354 0.009814615756780753 0.034511367694751695
0 0.514040113196532 0.04963890462308736 0.011013094710093263 0.02828864123370204
0 0.5980356815982659 0.03077190218745538 0.01064907366340595 0.022038641233702038