0 0.8832487012586885 0.5869596893630025 0.07639747925407576 0.04119931301126591
0 0.9028041846619491 0.618709794535852 0.07099958423309757 0.03168792069139794
0 0.8608516377715155 0.5177095841901529 0.06221658008391273 0.03922763605166182
0 0.7942929450349113 0.5960642532321982 0.05923329004195619 0.0204321719450391
0 0.7170200500139332 0.5844615120076869 0.048769386722608485 0.026363923198680438
0 0.7205720251188239 0.6313365120076869 0.04853258838228243 0.02323892319868044
0 0.7566521576922474 0.6651264903000745 0.049976689212119396 0.021721887305303157
0 0.7854176203495834 0.7361209518994147 0.0761606809137497 0.03807431301126592
0 0.8012794186899095 0.7397005929656416 0.04756208423309758 0.031005959092057722
0 0.7585232336269752 0.7103935261934519 0.042282588382282424 0.02305706677218957
0 0.7345179711794204 0.7330808684341776 0.0452891892121194 0.021585494985435005
0 0.7524634103915397 0.7538707415537157 0.03482528589277152 0.027517246239076344
0 0.6935126176502912 0.6445806580884786 0.04394017676456467 0.04493206677218975
0 0.6792608635011061 0.6519612490755632 0.030871491701630303 0.01648881802583091
0 0.6584039118414322 0.654472483636157 0.03555899170163031 0.01662521034569906
0 0.652699286116486 0.702637198996421 0.05899649170163031 0.017307171945039102
0 0.6399391769882793 0.7194155220368168 0.0459995842330974 0.030960494985435006
0 0.6271548344568121 0.7050120412371467 0.04169059253146727 0.015244566772189749
0 0.6167734415104263 0.6914580065974105 0.038565592531467276 0.015153638558944494
0 0.6022014560325735 0.6637505437444291 0.0371214917016303 0.016670674452321777
0 0.6017637481491221 0.6785488296378064 0.03880239087179334 0.018278638558944314
0 0.5537639560325734 0.6623411564391259 0.04036489087179333 0.018324102665567034
0 0.6268597591467844 0.7525546309705899 0.048414189212119395 0.02167642319868044
0 0.5653768848717305 0.7024349590255508 0.040246491701630305 0.016761602665567032
0 0.5627846811374642 0.7093752808123053 0.04325309253146727 0.015290030878812288
0 0.5166900085220844 0.656585249933493 0.026183991701630306 0.016352425705962757
0 0.5066405022983071 0.6679857511871342 0.022703794191141213 0.01157399749271768
0 0.5346829919253449 0.6882898909997198 0.022088487552445458 0.024028533386094963
0 0.5301730906805894 0.6904972486798517 0.046733290041956366 0.020068459092057723
0 0.5287998448297742 0.6826620166265405 0.038565592531467276 0.015153638558944315
0 0.5366482336269751 0.7039376230530312 0.03544059253146727 0.01506271034569906
0 0.821480561836788 0.47135140973783135 0.03830548340326061 0.032295674452321774
0 0.8406575369416786 0.5186810508040581 0.05909158008391273 0.039136707838416385
0 0.813110109552414 0.38146219563120864 0.060417281743586584 0.03605717194503928
0 0.8208992987645333 0.4019565520576993 0.06654888257342365 0.03467652837152997
0 0.7978169962750223 0.40596209045835907 0.06728258838228243 0.023784492478152685
0 0.7618687634964619 0.46649877368616943 0.06259508838228242 0.023648100158284537
0 0.6942659437855114 0.40762622736795084 0.04408188672260849 0.026227530878812466
0 0.6995561724148871 0.3539927620076869 0.04685168921211939 0.02163095909205772
0 0.6465728823729309 0.3337424464891384 0.04396348755244546 0.024665030878812465
0 0.6714204396363266 0.4147567657686106 0.04685168921211939 0.02163095909205772
0 0.6056635398414636 0.31852061177026003 0.039867983403260435 0.03234113855894431
0 0.6717253251095351 0.25418297862159206 0.049976689212119396 0.021721887305303157
0 0.6547746234498611 0.25680787344874256 0.021591580083912553 0.038045569279472245
0 0.65277349295103 0.2201118555020539 0.04431868506293455 0.02935253087881238
0 0.5706606551934477 0.28865961553118374 0.04455548340326043 0.032477530878812375
0 0.5580772222051056 0.25633284883813634 0.034351689212119396 0.021267246239076342
0 0.5218078354824973 0.23033263849243735 0.04455548340326043 0.032477530878812375
0 0.5073668271841275 0.24550299742621054 0.036647895020978184 0.010420674452321688
0 0.5019097325780679 0.23521035510634247 0.039891294191141215 0.012074102665567032
0 0.46781999772491484 0.29969875244077543 0.02760478174358667 0.035102425705962934
0 0.42616437137526864 0.25405363182851975 0.01751938672260849 0.025454641066226812
0 0.4431141504195629 0.19997989726792598 0.02713118506293455 0.028852425705962893
0 0.4648735190955392 0.3534004139609734 0.026539189212119396 0.021039925705962935
0 0.4975801979346963 0.3941079819868043 0.038210395020978186 0.010466138558944316
0 0.42455524979950726 0.2945422395086517 0.033759693361304244 0.013454746239076342
0 0.4327238699253762 0.3509058997752084 0.027746491701630304 0.016397889812585654
0 0.42938630498831065 0.3788717754020291 0.03352289502097818 0.010329746239076343
0 0.4543988829976307 0.42091452289474657 0.020525987552445456 0.023983069279472247
0 0.4498414375617342 0.4122071126281899 0.015956886722608487 0.025409176959604096
0 0.47099530976219545 0.4650509678010394 0.035322193361304245 0.01350021034569906
0 0.4982448939952929 0.49546589350700226 0.030871491701630303 0.01648881802583091
0 0.47216856868526513 0.5422583254811714 0.03219719336130424 0.013409282132453626
0 0.45584575167360714 0.5737440062016992 0.03219719336130424 0.013409282132453626
0 0.40492279171556333 0.5909709586298393 0.0321971933613042 0.013409282132453626
0 0.4001402033332811 0.569005030416594 0.030161096680652123 0.0071138180258309095
0 0.3988261570675474 0.5619510483632826 0.02246699585081515 0.008448997492717502
0 0.39378345955705835 0.5571271560434147 0.019460395020978183 0.009920569279472246
0 0.3829760141211618 0.5482378893503672 0.028953794191141212 0.011755853919208192
0 0.3849053670255912 0.5428373355103012 0.01934199585081515 0.008358069279472247
0 0.39650479524004834 0.4901669765765281 0.028716995850815153 0.008630853919208193
0 0.3968833035384181 0.4745874406831507 0.029664189212119395 0.021130853919208194
0 0.41737340229366265 0.47752222406924555 0.022585395020978182 0.010011497492717503
0 0.476961889846108 0.5026418960142848 0.024384693361304242 0.013181961599340219
0 0.48380388569692306 0.5106362524407755 0.035322193361304245 0.01350021034569906
0 0.5232341612167323 0.5577756768930971 0.03290758838228243 0.022784282132453627
0 0.6105807958647482 0.5891597207040332 0.030729781743586492 0.03519335391920819
0 0.5782032359020601 0.41906016937124974 0.025923882573423464 0.03349446159934022
0 0.6577499485593963 0.49153221443582706 0.03252908008391255 0.03836381802583091
0 0.5487758450302669 0.40105431545204145 0.03385478174358649 0.035284282132453625
0 0.9864022091328511 0.39705140637261904 0.027195581734297748 0.05462531551854841
0 0.9893554380745767 0.3729235845858644 0.021289123850846536 0.0356479949854351
0 0.3729577836176863 0.3234424778301692 0.030634693361304245 0.01336381802583091
0 0.49721426764564675 0.4510028396669362 0.037003092531467274 0.015108174452321776
0 0.4950597717948316 0.4431448755603136 0.030374584233097402 0.03050585391920819
0 0.5962796522936626 0.48272786427754255 0.04048329004195637 0.019886602665567032
0 0.6074781840372492 0.5173529168639673 0.03723989087179334 0.018233174452321775
0 0.620049039016271 0.50836436177026 0.03915758838228243 0.022966138558944315
0 0.640669192335619 0.5027281272096662 0.030753092531467276 0.01492631802583091
0 0.6700364610069508 0.4685038913954312 0.0437266892121194 0.02154003087881229
0 0.6714698290582273 0.528569213182186 0.03579579004195636 0.01975021034569906
0 0.7059506502190702 0.48981660174113023 0.04251938672260831 0.026182066772189573
0 0.7030507931654559 0.5029841914745734 0.04325309253146727 0.015290030878812288
0 0.7369880852820045 0.5187826877136498 0.0480356809137497 0.03725595909205772
0 0.7333069782283903 0.5319275453937818 0.05033188672260831 0.026409387305303157
0 0.6043755722097501 0.4455461130239013 0.03231559253146728 0.014971782132453626
0 0.5975335763589349 0.4375517565974105 0.029308991701630305 0.016443353919208193
0 0.5774937634964619 0.46113400910469304 0.015601689212119397 0.020721676959604095
0 0.5876975576876029 0.47234429374442916 0.03231559253146728 0.014971782132453626
0 0.5596676460698854 0.4933554757185982 0.03544059253146727 0.01506271034569906
0 0.5531691923356189 0.5001821372387962 0.036647895020978184 0.010420674452321777
0 0.5276587842423862 0.4207075859060126 0.035322193361304245 0.01350021034569906
0 0.5325947379766527 0.413835460279192 0.03158188672260849 0.02586381802583091
0 0.5257527421258376 0.4058411038527012 0.025828794191141213 0.011664925705962758
0 0.30579359440556697 0.3012204853520166 0.04469719336130425 0.013772994985435095
0 0.28801502117013167 0.3443567199126104 0.03844719336130424 0.013591138558944315
0 0.2768882670209468 0.3518282391129403 0.03387809253146727 0.015017246239076344
0 0.2660924769789905 0.33280545447320425 0.027864890871793335 0.017960389812585565
0 0.2612991558181476 0.37242188394009085 0.022348596680652123 0.006886497492717502
0 0.26432906743586526 0.3506832762599589 0.027746491701630217 0.016397889812585654
0 0.16735009150578195 0.4905150029029938 0.02715449585081515 0.008585389812585475
0 0.30642944398600414 0.1141523943649321 0.04649649170163021 0.016943459092057765
0 0.3171184902517378 0.12147916105797951 0.03484859668065212 0.007250210345698971
0 0.29743387489975365 0.14974891356526196 0.036647895020978184 0.010420674452321688
0 0.3028928147365729 0.26293923535201663 0.04036489087179325 0.018324102665567034
0 0.2954588230349427 0.2471323789255259 0.03544059253146727 0.015062710345698971
0 0.28974161930067627 0.25398177249903514 0.035322193361304155 0.01350021034569906
0 0.25483474565032244 0.29739915188677946 0.024147895020978184 0.01005696159934022
0 0.21262208963168217 0.2135409774344578 0.03375969336130422 0.013454746239076342
0 0.2057208941957856 0.2047653710079671 0.03508539502097816 0.01037521034569897
0 0.22052875539858477 0.18414899412750524 0.03508539502097818 0.01037521034569897
0 0.2873610578880957 0.18141645071228055 0.03184199585081515 0.008721782132453625
0 0.31644490664334024 0.18460128668480014 0.034114890871793334 0.018142246239076298
0 0.27683518713752686 0.032220432765591875 0.040246491701630305 0.016761602665567032
0 0.5847753124614877 0.557227759104693 0.04048329004195637 0.019886602665567032
0 0.46776725644749195 0.6590593805748786 0.03423329004195637 0.019704746239076344
0 0.43071661972488356 0.6330364381758683 0.04169059253146727 0.015244566772189572
0 0.7948410871561045 0.7987573442192828 0.04957487012586874 0.057568459092057725
0 0.7575671527178699 0.8623735633404704 0.033144386722608485 0.025909282132453627
0 0.7126224282376791 0.9070579260351673 0.03877908008391255 0.03854567445232178
0 0.6038851230488758 0.8197050270513817 0.04204579004195637 0.01993206677218993
0 0.5311221292726531 0.8058949281467385 0.044815592531467274 0.015335494985435271
0 0.5131408012633331 0.7640567691338228 0.04469719336130425 0.013772994985435005
0 0.5758775996036591 0.7690003333987301 0.03709818091374952 0.03693771034569906
0 0.6744577321770826 0.804608875956025 0.034470088382282424 0.022829746239076344
0 0.6632475450395556 0.780117341316289 0.03423329004195637 0.019704746239076344
0 0.6354078101864028 0.8447875950772126 0.042282588382282424 0.023057066772189928
0 0.5360832390255599 0.8816534460934271 0.04540758838228243 0.02314799498543536
0 0.5441558481537665 0.8647387307331631 0.04204579004195637 0.01993206677218993
0 0.5324604089416474 0.8441307140401157 0.042282588382282424 0.023057066772189928
0 0.5032581610162398 0.8393833780675962 0.043489890871793335 0.018415030878812643
0 0.4944984676549355 0.8266560575344826 0.04000969336130424 0.01363660266556721
0 0.473547350228359 0.8587865959351426 0.02400618506293455 0.028761497492717326
0 0.4589278205593649 0.8201643651354724 0.018111382573423464 0.033267141066226816
0 0.41382788549643046 0.7907891022033485 0.035322193361304245 0.01350021034569906
0 0.42469453051740863 0.800459618896396 0.02703609668065212 0.0070228898125854755
0 0.4122770408903708 0.7806101201500373 0.03387809253146727 0.015017246239076344
0 0.4029962066572733 0.7507180316702351 0.03520379419114121 0.01193771034569906
0 0.39927921080645823 0.7428146034569899 0.030634693361304154 0.01336381802583091
0 0.4080379815523827 0.70409308425666 0.03098989087179329 0.01805131802583091
0 0.45363482408384986 0.7194513112954064 0.03977289502097818 0.010511602665567032
0 0.4550905803076272 0.7078007574553403 0.03676629419114121 0.011983174452321776
0 0.24030602989270866 0.7023306927947217 0.028716995850815153 0.008630853919208193
0 0.2368258323822196 0.6975522645814763 0.028716995850815153 0.008630853919208193
0 0.22765174192534482 0.6793561940483629 0.03484859668065212 0.00725021034569906
0 0.22399394565961125 0.6722340158351177 0.028716995850815153 0.008630853919208193
0 0.233203002298307 0.6600295325281651 0.032433991701630305 0.016534282132453625
0 0.22406480063863307 0.6628817478884289 0.03160519751048909 0.005596782132453626
0 0.2784814587318658 0.743197385193732 0.020052390871793245 0.017733069279472248
0 0.27662296080645826 0.7392456710871094 0.016572193361304242 0.012954641066226813
0 0.27844556993466496 0.7221490993003548 0.023058991701630217 0.01626149749271768
0 0.2719704269882793 0.7087087249271754 0.013328794191141214 0.01130121285298138
0 0.25983727989270866 0.7028989941275052 0.016927390871793336 0.017642141066226812
0 0.2649983765733608 0.7092853864473734 0.015483290041956277 0.019159176959604098
0 0.2163124228390944 0.7148845170887588 0.02715449585081515 0.008585389812585475
0 0.18396001889504657 0.6274156093294846 0.0259471933613042 0.013227425705962937
0 0.18150952511882387 0.6156513952228619 0.02739129419114117 0.011710389812585476
0 0.16176478756637852 0.5916910579967011 0.019460395020978138 0.009920569279472246
0 0.1594685817575197 0.6025376297834557 0.022585395020978137 0.01001149749271768
0 0.17119990976683983 0.6441939323698804 0.02571039502097814 0.010102425705962759
0 0.19281480063863307 0.6619724657559753 0.022348596680652123 0.006886497492717502
0 0.3090569525080885 0.755779953219563 0.016335395020978184 0.009829641066226812
0 0.30800301537056163 0.7315839352728742 0.011292697510489091 0.005005748746358662
0 0.36834851951974645 0.7255445354311589 0.03676629419114121 0.011983174452321776
0 0.3171994939999373 0.6780641301791672 0.030516294191141213 0.011801318025830908
0 0.3121675292680088 0.6116578801791672 0.027509693361304245 0.013272889812585476
0 0.30147848300227514 0.6043311134861197 0.028716995850815153 0.008630853919208193
0 0.37907068673654154 0.5995730688172538 0.029427390871793246 0.01800585391920819
0 0.3280060168204541 0.6355045571387713 0.01609859668065212 0.006704641066226813
0 0.4623828620512137 0.7423121497752084 0.03231559253146728 0.014971782132453626
0 0.4727642549975995 0.7558661844149446 0.0386839917016303 0.016716138558944316
0 0.42888420043349595 0.7631642073761981 0.029072193361304243 0.013318353919208192
0 0.4216636962843111 0.7707493868430847 0.035322193361304245 0.01350021034569906
0 0.3970790159952615 0.8269395508705651 0.036032588382282335 0.02287521034569906
0 0.5442840574871104 0.7532700333195879 0.029072193361304243 0.013318353919208192
0 0.48715771910482797 0.7297810575344826 0.030871491701630303 0.01648881802583091
0 0.9392441278227606 0.9144314714954561 0.06896348755244545 0.025392456584775402
0 0.8908182832167011 0.9028885662434643 0.04275618506293455 0.029307066772189572
0 0.9047041070768362 0.9524028329365116 0.03662458423309758 0.03068771034569906
0 0.9305687900651783 0.9780522472283548 0.0651998701258691 0.04389550554329027
0 0.7540888004381404 0.9604928145941116 0.05201278589277134 0.02801735141192587
0 0.6866770801071345 0.9925429930717197 0.050095088382282424 0.014914013856560614
0 0.6293255987784665 0.9599806860642971 0.05189438672260849 0.026454851411925873
0 0.5981814199393094 0.9193185821450889 0.0386839917016303 0.016716138558944493
0 0.5703281844614565 0.8912246743858147 0.04431868506293437 0.02935253087881229
0 0.5599836029276514 0.9501677653728992 0.04204579004195637 0.01993206677218957
0 0.5751834730535202 0.999120776259959 0.048058991701630305 0.001758447480082026
0 0.5242954792772976 0.9868564569804867 0.024834979254075584 0.02628708603902652
0 0.4688966616409395 0.9311473292420949 0.03903918921211939 0.021403638558944494
0 0.44442945790667315 0.9374511535361322 0.027864890871793335 0.017960389812585475
0 0.438013514545369 0.9247920291629527 0.04012809253146728 0.01519910266556721
0 0.455982264545369 0.9253148663891135 0.025828794191141213 0.011664925705962758
0 0.4601020020978144 0.9488205625490476 0.017400987552445457 0.023892141066226814
0 0.4682463888204227 0.9740024189755385 0.038920790041956366 0.019841138558944493
0 0.4583977921397707 0.9674796343358022 0.04564438672260849 0.02627299498543536
0 0.46624618093697145 0.988755240762293 0.040246491701630305 0.01676160266556721
0 0.44934302346843874 0.9964982299417404 0.049739890871793334 0.0070035401165192464
0 0.43638108218172694 0.9855476727364622 0.024739890871793336 0.017869461599340043
0 0.4312316408950152 0.9690277624699053 0.021259693361304243 0.013091033386094963
0 0.3901922437994446 0.9623769456977158 0.04048329004195628 0.01988660266556721
0 0.4090130987784665 0.953570247030499 0.03579579004195632 0.01975021034569906
0 0.4003018722236832 0.998228214502334 0.035322193361304245 0.0035435709953318905
0 0.4187558742982757 0.9954328292753484 0.027864890871793335 0.009134341449303206
0 0.4979930884055042 0.9756474870013692 0.016808991701630305 0.016079641066226814
0 0.3811966747131942 0.9964383939692206 0.028835395020978184 0.007123212061558704
0 0.35594822097892775 0.9999354670096166 0.033404495850815154 0.0001290659807668959
0 0.33694884462928154 0.9592686660725445 0.024266294191141215 0.011619461599340042
0 0.36870740749175474 0.9360273943649322 0.03844719336130416 0.013591138558944494
0 0.3396109807271901 0.8915272366056579 0.022822193361304245 0.01313649749271768
0 0.3020401257481682 0.8997883659934022 0.03676629419114121 0.011983174452321776
0 0.3496479089416472 0.838811413565262 0.03219719336130424 0.013409282132453626
0 0.3457533143355876 0.8285642353520167 0.03255239087179325 0.018096782132453627
0 0.34227311682509853 0.8237858071387713 0.032078794191141215 0.011846782132453626
0 0.3387929193146094 0.8190073789255259 0.028716995850815153 0.008630853919208193
0 0.31498856641018 0.8237714352728744 0.020904495850815153 0.008403533386094609
0 0.2992684780278977 0.8014872583132702 0.03520379419114121 0.01193771034569906
0 0.351742282592001 0.7944392879384413 0.03231559253146728 0.014971782132453626
0 0.30034664856868504 0.8568650801000249 0.019460395020978183 0.00992056927947189
0 0.33075343113746414 0.7026238609788372 0.016572193361304242 0.012954641066226813
0 0.3239832128810507 0.7367260763391011 0.01789789502097818 0.00987510517284953
0 0.3084020666106727 0.5413908442857898 0.022585395020978182 0.010011497492717503
0 0.2939135141211618 0.5456464352728744 0.024503092531467274 0.01474446159934022
0 0.28955790084377014 0.5704645788463836 0.022348596680652123 0.00688649749271768
0 0.3450616170255912 0.5416780007914228 0.025473596680652123 0.0069774257059627585
0 0.3483166715896945 0.5331979110579794 0.02571039502097818 0.010102425705962759
0 0.41524406246148776 0.5522949035361322 0.025947193361304244 0.013227425705962937
0 0.4465173732493685 0.5329371497752085 0.033641294191141216 0.011892246239076342
0 0.44585359980415173 0.48302807798845376 0.023058991701630303 0.01626149749271768
0 0.4362660348670861 0.5108120971887837 0.028953794191141212 0.011755853919208192
0 0.19070415851744 0.45923391066226815 0.02571039502097814 0.010102425705962936
0 0.832895348978959 0.6837150174179631 0.0495748701258691 0.057568459092057725
0 0.8476440105966768 0.6623173905375014 0.06472627344521661 0.051773100158284534
0 0.8427071342470306 0.6177406764308787 0.040956886722608485 0.026136602665567034
0 0.8384932309276827 0.6238542841110106 0.059825285892771515 0.02824467194503928
0 0.9774017349650104 0.572037034506722 0.04519653006997935 0.036148100158284534
0 0.9819731423332968 0.8356676254938066 0.03605371533340644 0.05462531551854823
0 0.9831212452377261 0.8107812857603633 0.03375750952454766 0.02654577962517104
0 0.8942616693146095 0.8351698688298891 0.06605197510489055 0.04869356426490725
0 0.8764113184847725 0.8362095316037281 0.04576278589277152 0.027835494985435007
0 0.8114617473239296 0.8740755929656416 0.05561138257342364 0.03435827962517131
0 0.8011521319719455 0.9026181301126602 0.04564438672260849 0.02627299498543536
0 0.638961630522053 0.9907118885256908 0.04564438672260849 0.018576222948618337
0 0.5751592396502597 0.9755542102791921 0.04048329004195637 0.01988660266556721
0 0.5695487796922161 0.9913196422866146 0.03759508838228243 0.017360715426770666
0 0.24218079628895559 0.9533930876218722 0.025828794191141213 0.011664925705962758
0 0.2542430884055043 0.9685550863682308 0.026183991701630306 0.016352425705962757
0 0.27145482180876473 0.9975701592107711 0.028835395020978184 0.004859681578457753
0 0.27235447097892773 0.9987306681841155 0.03184199585081515 0.0025386636317691114
0 0.6591771969090111 0.8704240925699303 0.03626938672260831 0.02600021034569906
0 0.7182902425500448 0.7863960850480828 0.05357528589277134 0.02806281551854859
0 0.3867102010581959 0.8547008380175836 0.03688469336130425 0.013545674452321776
0 0.4309221423449078 0.8723573509497073 0.025947193361304244 0.013227425705962758
0 0.37297128424238624 0.41620663935036717 0.029072193361304243 0.013318353919208192
0 0.38183587614915354 0.3377322983632826 0.024621491701630305 0.016306961599340218
0 0.40549851909553924 0.3516727779093115 0.029190592531467274 0.014880853919208192
0 0.6751923606013213 0.8451656797960909 0.03458848755244546 0.02439224623907634
0 0.6936822514731145 0.8628532849689405 0.026420790041956365 0.01947742570596276
0 0.26325643258735665 0.603998492873864 0.024029495850815152 0.00849446159934022