0 0.6320845223353034 0.5629116176163789 0.0168621683207995 0.027108137023308564
0 0.6297964303170208 0.5450519950210405 0.027037688998963992 0.044623019237293705
0 0.6101795971900783 0.46383920055600336 0.0168621683207995 0.027108137023308564
0 0.5992420971900783 0.4642211464723194 0.021840766749222952 0.033521828130301044
0 0.5533174751880063 0.3784671849469068 0.024203787427387446 0.05076389183263199
0 0.5398542886702418 0.382837226416719 0.018351893713693633 0.025600200725639333
0 0.5727694884225727 0.4799651975607785 0.029653266749222952 0.03379464664195542
0 0.5390494598865254 0.4671030990120574 0.025547963606069857 0.046130955534962936
0 0.5498970686540311 0.4519046849469068 0.03655823821317572 0.048075401451278844
0 0.5425896827982202 0.5083183760538994 0.03721320967712849 0.06213790145127884
0 0.5230049288692789 0.4934027041842005 0.023694365177646403 0.039826391832631994
0 0.4979856581911143 0.5114359415703287 0.01715326674922295 0.033358137023308566
0 0.48559482010177313 0.5095287011889755 0.025329639784752268 0.04144345553496276
0 0.4785079121200558 0.527715705998299 0.023476041356328813 0.03513889183263199
0 0.46404299772819757 0.5703397156169459 0.0168621683207995 0.027108137023308564
0 0.4619710754784566 0.5813317793192766 0.032161836641599176 0.054161710344286365
0 0.4449462413180568 0.5951859481937507 0.025475188998963994 0.044568455534962935
0 0.4431483008713508 0.583549043747247 0.013518844499482086 0.022311509618646853
0 0.44086020885306815 0.5656894211519086 0.02562073821317572 0.04769345553496294
0 0.4403700572814916 0.5594667030030741 0.01991439371369381 0.025654764427970277
0 0.9683496238640987 0.2594567130850571 0.02696491439185813 0.043060519237293704