0 0.13359375 0.2265625 0.015625 0.03984375
0 0.15390625 0.21015625 0.015625 0.040625
0 0.18125 0.23203125 0.01796875 0.03828125
0 0.32890625 0.184375 0.01171875 0.03828125
0 0.2328125 0.45703125 0.01640625 0.02578125
0 0.2046875 0.46171875 0.01640625 0.03125
0 0.334375 0.42265625 0.01640625 0.02265625
0 0.32421875 0.43984375 0.015625 0.02265625
0 0.309375 0.4484375 0.01640625 0.0265625
0 0.2953125 0.4515625 0.0125 0.0265625
0 0.29609375 0.43359375 0.0140625 0.0234375
0 0.3046875 0.4234375 0.0140625 0.0265625
0 0.409375 0.25390625 0.0125 0.04609375
0 0.50546875 0.18828125 0.01015625 0.0359375
0 0.46640625 0.5796875 0.01171875 0.04609375
0 0.446875 0.58984375 0.02109375 0.0265625
0 0.45859375 0.5078125 0.01640625 0.02734375
0 0.446875 0.49296875 0.01640625 0.03046875
0 0.4375 0.5140625 0.015625 0.0234375
0 0.42421875 0.5078125 0.01328125 0.0234375
0 0.53671875 0.60234375 0.01796875 0.0234375
0 0.53984375 0.58359375 0.02734375 0.025
0 0.52265625 0.59296875 0.01640625 0.0359375