0 0.0421875 0.43125 0.0109375 0.021875
0 0.05390625 0.4296875 0.01171875 0.02890625
0 0.2609375 0.39453125 0.0109375 0.0203125
0 0.2703125 0.3953125 0.01328125 0.01875
0 0.36875 0.40078125 0.01328125 0.01640625
0 0.23828125 0.3734375 0.0078125 0.0140625
0 0.23046875 0.37578125 0.0078125 0.0140625
0 0.5578125 0.4359375 0.009375 0.02265625
0 0.54140625 0.525 0.0109375 0.03046875
0 0.51953125 0.51875 0.0125 0.03203125
0 0.6109375 0.61171875 0.01796875 0.04453125
0 0.69921875 0.61640625 0.01640625 0.034375
0 0.70703125 0.62890625 0.01171875 0.03828125
0 0.7328125 0.55546875 0.01328125 0.04296875
0 0.7234375 0.496875 0.0140625 0.03046875
0 0.74609375 0.590625 0.0109375 0.03828125
0 0.7546875 0.609375 0.0078125 0.04609375
0 0.77109375 0.628125 0.0125 0.0234375
0 0.76640625 0.59296875 0.01015625 0.03828125
0 0.696875 0.55546875 0.01171875 0.0296875
0 0.79140625 0.56484375 0.01171875 0.02890625
0 0.81015625 0.596875 0.01015625 0.0359375
0 0.81953125 0.659375 0.0140625 0.04375
0 0.8296875 0.671875 0.01015625 0.04453125
0 0.8484375 0.68359375 0.0125 0.05625
0 0.8828125 0.6140625 0.01171875 0.04375
0 0.8640625 0.61875 0.015625 0.03515625
0 0.84140625 0.61015625 0.0109375 0.0390625
0 0.85078125 0.62265625 0.01328125 0.04453125
0 0.85390625 0.603125 0.01328125 0.03125
0 0.8765625 0.575 0.01015625 0.046875
0 0.86171875 0.5734375 0.01328125 0.0375
0 0.825 0.5703125 0.009375 0.02578125
0 0.8328125 0.5765625 0.01328125 0.0296875
0 0.83203125 0.58828125 0.0140625 0.02734375
0 0.828125 0.56171875 0.01328125 0.03515625
0 0.82890625 0.5484375 0.01171875 0.03984375
0 0.84140625 0.55546875 0.01015625 0.03515625
0 0.84921875 0.56171875 0.01328125 0.0390625
0 0.8546875 0.54609375 0.01015625 0.03515625
0 0.8640625 0.5421875 0.0125 0.0265625
0 0.80234375 0.52890625 0.00859375 0.040625
0 0.78671875 0.52890625 0.01171875 0.0375
0 0.8703125 0.503125 0.0109375 0.0375
0 0.88359375 0.503125 0.0125 0.03984375
0 0.86875 0.484375 0.01015625 0.03125
0 0.9640625 0.5765625 0.0140625 0.040625