0 0.7212476060045828 0.5096662897677093 0.030269381458888845 0.025518197240056394
0 0.716887414325208 0.49552196915085844 0.028634146276527873 0.022365923701106107
0 0.6074740871028814 0.5959974817327602 0.02703527868534721 0.020776150162155817
0 0.6300576019205203 0.5995179480475401 0.033358013867708355 0.024010244317957154
0 0.5381980634515273 0.5502389224799948 0.03644664627652787 0.02250229139585791
0 0.49998889542350644 0.5800531075451867 0.03321254350298606 0.017760244317956975
0 0.5038951454235064 0.5801212913925625 0.03005117591180557 0.016143197240056396
0 0.49401165235736066 0.5682252633893853 0.028415940729444422 0.012990923701106105
0 0.4734997838162496 0.5428570706135558 0.036373911094166725 0.01937729139585791
0 0.6373850183330205 0.31828158481701524 0.034775043502986235 0.017787517856907444
0 0.3644527453472565 0.4932780361175568 0.02223867591180557 0.016006829545304767
0 0.3527885467340274 0.49072973457542923 0.020639808320625085 0.0144170560063543
0 0.2594230192829511 0.3382575251605081 0.03321254350298615 0.01776024431795715
0 0.28440483548736084 0.33947515178371357 0.01740570554708327 0.00967500892845372
0 0.11467421694624975 0.3115023360381265 0.020785278685347207 0.02066705600635439
0 0.10150206971979141 0.3065830109570486 0.01896820554708336 0.009702282467404011
0 0.10004867249333307 0.3018682374180983 0.028415940729444433 0.012990923701106105
0 0.10181119424482614 0.29330176095704863 0.025254573138263892 0.011373876623205525
0 0.06821744424482615 0.2927153798696163 0.030123911094166678 0.019268197240056482
0 0.06560093731097197 0.3043932195611908 0.026889808320624996 0.014526150162155815
0 0.12292182161965248 0.3601034772718285 0.037863675911805575 0.0162795649348082
0 0.1725737166619093 0.5102495275961401 0.031540940729444425 0.013045470779006862
0 0.14279595089433988 0.48003019358660853 0.033139808320625 0.014635244317957152
0 0.108820994397326 0.462242675729701 0.036337543502986146 0.01781479139585791
0 0.004792030300867863 0.46736477800317716 0.009584060601735726 0.0128545560063543
0 0.01112903001652742 0.42849319277582953 0.020639808320625015 0.0144170560063543
0 0.0695967998681594 0.367769926947517 0.014244337955902787 0.00805796185055314
0 0.08589394709461776 0.3727437991064956 0.014207970364722211 0.006495461850553053
0 0.06271102023288164 0.36139719602224046 0.025254573138263892 0.011373876623205437
0 0.05244566745933997 0.36590741801906324 0.017405705547083337 0.00967500892845372
0 0.03782012300642331 0.35627331939903506 0.03001480832062502 0.014580697240056395
0 0.04294338089020803 0.3712125267853612 0.017369337955902786 0.008112508928453721
0 0.02442977023288164 0.36072899431795713 0.017405705547083337 0.00967500892845372
0 0.22304845497840242 0.3899876205341255 0.029942073138263935 0.011455697240056396
0 0.22083199154753438 0.38447796022569997 0.025254573138263937 0.011373876623205437
0 0.2309518739563538 0.3862177382288772 0.023692073138263936 0.011346603084255058
0 0.24190755775194414 0.3856274030015296 0.03477504350298606 0.017787517856907444
0 0.6270112159963193 0.29387192004436286 0.03172277868534721 0.020857970779006772
0 0.6418731497919096 0.29334976866439105 0.034956881458888846 0.025600017856907444
0 0.048831664609548374 0.28612446063273705 0.02056707313826389 0.01129205600635439
0 0.055953833587499766 0.28234094155801365 0.026853440729444462 0.012963650162155815