0 0.48828125 0.92578125 0.015625 0.034375
0 0.53671875 0.92265625 0.0140625 0.02890625
0 0.609375 0.98515625 0.01171875 0.02890625
0 0.75625 0.90078125 0.01875 0.040625
0 0.8265625 0.85 0.009375 0.0234375
0 0.81953125 0.83125 0.0171875 0.02890625
0 0.84765625 0.80078125 0.01328125 0.034375
0 0.92109375 0.784375 0.0171875 0.0265625
0 0.70546875 0.26796875 0.00390625 0.01328125
0 0.65625 0.26015625 0.00390625 0.015625
0 0.659375 0.259375 0.0046875 0.0140625
0 0.5734375 0.3453125 0.00625 0.01953125
0 0.575 0.3796875 0.00625 0.0203125
0 0.6015625 0.36953125 0.0046875 0.01875
0 0.61796875 0.375 0.0046875 0.01875
0 0.62109375 0.4 0.00546875 0.0203125
0 0.63515625 0.521875 0.009375 0.028125
0 0.6390625 0.51875 0.0078125 0.02734375
0 0.64921875 0.521875 0.0078125 0.02734375
0 0.85078125 0.70234375 0.015625 0.0296875
0 0.86953125 0.5703125 0.01015625 0.028125
0 0.8875 0.5671875 0.009375 0.025
0 0.90234375 0.63046875 0.01171875 0.02265625
0 0.90390625 0.61640625 0.0140625 0.0296875
0 0.9125 0.61796875 0.01171875 0.03046875
0 0.77890625 0.459375 0.0078125 0.01796875
0 0.5890625 0.32265625 0.00625 0.0171875