0 0.9890240744404901 0.522391980918686 0.02195185111901985 0.008330697240056395
0 0.9963100355653605 0.5318897118439625 0.007379928869278985 0.004960235389503432
0 0.9711453314698033 0.5376215146039061 0.03175942224974122 0.011482970779006863
0 0.970618792594674 0.5430766278344309 0.026853598428423452 0.0067136501621558155
0 0.70522923304138 0.5267350129823483 0.031613873035529316 0.008357970779006862
0 0.7000515814698034 0.5328895555960221 0.03019692224974104 0.011455697240056396
0 0.7904625657540378 0.5969168737772411 0.023801373035529316 0.008221603084255059
0 0.7607215618250963 0.6120100397677095 0.02209332382131759 0.005069329545304768
0 0.7976692901134746 0.5002464253193686 0.016134422249741043 0.011210235389503432
0 0.8646941242738745 0.514686800724758 0.026853598428423452 0.0067136501621558155
0 0.8626414727022977 0.5208958904163327 0.025291098428423454 0.0066863766232053475
0 0.863114507648486 0.5310521404163326 0.025363873035529137 0.008248876623205347
0 0.8670935322555916 0.5326828242637085 0.026780823821317766 0.005151150162155815
0 0.3700344416850512 0.4865371124164506 0.042696922249741046 0.01167388555165907
0 0.3330096306840152 0.5296052739426921 0.023946922249741043 0.011346603084255235
0 0.3512417080199894 0.6696535754848197 0.029143844499481996 0.022365923701106107
0 0.36328794375196577 0.6768893770269473 0.028634422249741043 0.011428423701106106
0 0.6052571199306482 0.6764292755642499 0.017769696856846907 0.012800008928453722
0 0.6143988335367181 0.7218645064895265 0.03800942224974104 0.011592064934808199
0 0.9764386071103666 0.6345101513733813 0.017551373035529137 0.008112508928453721
0 0.972859842842343 0.6414732175260054 0.012791098428423454 0.006468188311602674
0 0.9951692206353833 0.6513664147660618 0.009661558729233377 0.0066863766232053475
0 0.9844480062007438 0.5885936793765584 0.010102746071058632 0.015788641233702095
0 0.9936409538861601 0.5872220941492108 0.012718092227679634 0.00964773538950343