0 0.909765898671227 0.06005386005440041 0.0533977200031817 0.02498327962517117
0 0.7466146547183158 0.40206420064577353 0.04236931333545435 0.016852530878812465
0 0.7475595367202248 0.4161494326990849 0.04547613200190899 0.015380959092057722
0 0.7594055560550429 0.427427913498755 0.028288632001908988 0.014880853919208192
0 0.684632822724361 0.4447768863808664 0.043895450668363624 0.013772994985435005
0 0.8216884747374058 0.5448260136570395 0.025218176002545434 0.019477425705962937
0 0.738903246737724 0.5447601660060375 0.028288632001908988 0.014880853919208192
0 0.5323168920671333 0.5098526539318435 0.021984088001272717 0.01001149749271768
0 0.5161282707272246 0.4609605128656168 0.039226132001908984 0.015199102665567033
0 0.47459529873486056 0.5159829819868044 0.02514545066836362 0.013227425705962758
0 0.4999583780633152 0.48079563974607853 0.043895450668363624 0.013772994985435005
0 0.4992680347310425 0.48858540769276726 0.03918976933481808 0.012074102665567032
0 0.38746746873008797 0.47830347406924556 0.03450226933481808 0.01193771034569906
0 0.3217242900620426 0.4662377315910929 0.040788632001908985 0.015244566772189572
0 0.5259732486871355 0.1660344577719095 0.03918976933481808 0.012074102665567032
0 0.4503379966979531 0.24349421654739817 0.04707499466899989 0.018551423198680438
0 0.36105732069540775 0.22215276246990534 0.04707499466899989 0.018551423198680438
0 0.28331412869986206 0.2526920571387713 0.023582950668363623 0.013181961599340219
0 0.2534539060311804 0.23698448911294032 0.03295795066836362 0.013454746239076342
0 0.2854851560311804 0.23791650329870526 0.0408977200031817 0.02461956677218975
0 0.4549533187062254 0.3045453768139549 0.03139545066836362 0.013409282132453626
0 0.4548351400381801 0.29438912681395485 0.04231476933481808 0.012165030878812466
0 0.4440896387253154 0.4448066639609734 0.03135908800127254 0.010284282132453627
0 0.43239816072563364 0.4468094331613033 0.03139545066836362 0.013409282132453626
0 0.3331430480585428 0.44079746239076306 0.029796588001272717 0.010238818025830909
0 0.35118342870781627 0.3132407637235466 0.032903406667727175 0.008767246239076343
0 0.3240214920432708 0.3280701418576496 0.034484088001272714 0.01037521034569897
0 0.2919629700429526 0.3247943776718847 0.03295795066836362 0.013454746239076342
0 0.36649989337999783 0.35429767273646207 0.042351132001908987 0.015290030878812467
0 0.3709237640435889 0.3317778150563301 0.028270450668363534 0.01331835391920828
0 0.3638197887094071 0.32532322657652796 0.02819772533418181 0.0070683539192081925
0 0.3668357007081345 0.3160391547897734 0.03295795066836362 0.013454746239076342
0 0.24418854137490714 0.3132514724198929 0.037645450668363625 0.013591138558944315
0 0.3133203493793615 0.3480643931112909 0.034484088001272714 0.01037521034569897
0 0.3186527393777707 0.3365047674844702 0.012590906667727175 0.008176212852981469
0 0.3100589893777707 0.3362547148980455 0.015715906667727174 0.008267141066226813
0 0.054708418045816075 0.33897758346523715 0.036046588001272674 0.010420674452321688
0 0.07483001404358891 0.32316236685133204 0.032939769334818125 0.011892246239076342
0 0.13376920938095233 0.3545547708496825 0.02661704400063636 0.005460389812585564
0 0.20627091804581607 0.3433876018076372 0.032903406667727175 0.008767246239076343
0 0.2311163767106798 0.3308337775136001 0.03917158800127272 0.010511602665567032
0 0.23741183004454341 0.3349218839400908 0.02038522533418181 0.006841033386094875
0 0.2541453440483614 0.363524257059629 0.039207950668363536 0.013636602665567033
0 0.25271011338317956 0.37441629295300627 0.036082950668363624 0.013545674452321688
0 0.20616183004454341 0.3340126018076372 0.03137726933481808 0.011846782132453626
0 0.07903625604708875 0.3490572771178887 0.023546588001272673 0.01005696159934022
0 0.07751011871417963 0.352136813011266 0.036046588001272674 0.010420674452321688
0 0.06735386871417963 0.3518412963182186 0.03135908800127267 0.010284282132453627
0 0.1889481527291335 0.46549828252816505 0.04077045066836353 0.01368206677218975
0 0.18729474606140625 0.4576403184215424 0.034447725334181764 0.00725021034569906
0 0.21443850139240633 0.44124844028743926 0.023528406667727174 0.00849446159934022
0 0.17542145472626997 0.4440180876218722 0.03290340666772722 0.008767246239076343
0 0.14314530406586062 0.4891570913827959 0.03446590666772722 0.00881271034569906
0 0.06170440006363344 0.4703867078384166 0.03917158800127267 0.010511602665567032
0 0.0685992900620426 0.4588725463182186 0.03450226933481813 0.01193771034569906
0 0.08720383939367904 0.4469181155976907 0.03448408800127267 0.010375210345699059
0 0.08714020472626997 0.44144936559769077 0.03759090666772722 0.008903638558944316
0 0.15768906206236077 0.4638077503957113 0.03448408800127267 0.010375210345699059
0 0.15837940539463355 0.4560179824490227 0.03292158800127263 0.010329746239076343
0 0.15434588605981542 0.4449668221824661 0.025072725334181766 0.0069774257059627585
0 0.16595554805854276 0.4359328029821362 0.015661362667090905 0.003579641066226813
0 0.17215100405790645 0.43142715940862686 0.02825226933481808 0.011755853919208192
0 0.09566122939208821 0.43544941818411553 0.015679544000636314 0.005142141066226813
0 0.1308629327259518 0.4403786105831259 0.02509090666772722 0.008539925705962759
0 0.5161618966820447 0.12826167313217343 0.022038632001908986 0.014698997492717502
0 0.506750534014954 0.12486388849243735 0.04709317600254544 0.02011392319868044
0 0.08076293539145188 0.4303300091712 0.026689769334818127 0.011710389812585476