0 0.6573642609570486 0.08188544509645276 0.00967500892845372 0.017569501977166356
0 0.6524722094149211 0.07035769608503595 0.006522735389503431 0.015879667984777558
0 0.5821223478059541 0.33981996190236674 0.012936376623205348 0.025509335969555114
0 0.5759268948838547 0.3431996298871443 0.009811376623205349 0.025382001977166356
0 0.5783757848997407 0.39391721289094994 0.014580697240056395 0.03026050296574958
0 0.5932604452081662 0.3956561264271031 0.016170470779006862 0.03188666996194396
0 0.6096394216692159 0.3934251229670621 0.017705697240056394 0.030387836958138337
0 0.5988616087630027 0.44780887543852 0.014635244317956975 0.03338550296574958
0 0.6548621927725342 0.47601744707361904 0.017787517856907444 0.03507533695813834
0 0.6919082252399384 0.49327127266305093 0.014580697240056395 0.03026050296574958
0 0.6098672926103785 0.45126945646515926 0.017732970779006863 0.031950336958138335
0 0.6160081984545771 0.44476478848038176 0.014580697240056395 0.03026050296574958
0 0.6270275190714282 0.4490066195070209 0.016143197240056396 0.03032416996194378
0 0.6347991087630026 0.44634453452604905 0.017705697240056394 0.030387836958138337
0 0.6409400146072013 0.43983986654127144 0.017732970779006863 0.031950336958138335
0 0.6565786513766765 0.43998444657932756 0.017732970779006863 0.031950336958138335
0 0.6588542175293006 0.4359826960850359 0.016197744317957154 0.033449169961943956
0 0.6797025056787476 0.42106069163641174 0.011455697240056396 0.030133168973360824
0 0.6926661558409034 0.4471138556668565 0.022447744317957152 0.03370383794672147
0 0.6941331984545772 0.44158143867066213 0.014635244317957152 0.03338550296574958
0 0.716181522317839 0.49540943422203787 0.020830697240056394 0.030515170950527092
0 0.7730099951254408 0.6158373393552342 0.02088524431795715 0.03364017095052709
0 0.681848801535537 0.9471284431192863 0.030505706168510116 0.04808467292769336
0 0.6592607353829127 0.9519578645641051 0.02557274431795715 0.03383117193911041
0 0.6579027869250403 0.9637402815602994 0.0316045560063543 0.021585839923887917
0 0.4936669630617785 0.9157059826626133 0.02099433847375849 0.03989017095052709
0 0.48208062661661477 0.9685590686321686 0.01762387662320535 0.025700336958138337
0 0.4736544719902322 0.9337211536131406 0.030423885551659247 0.043397172927693364
0 0.44279993830501213 0.9576507435370282 0.019459112012708956 0.04138900395433254
0 0.8304076635515412 0.5001367434998473 0.023982970779006862 0.03220500494291585
0 0.34847541963732576 0.7941877628144003 0.02250229139585782 0.036828837946721295
0 0.2683264492653561 0.5918386956279253 0.02247501785690744 0.035266337946721474
0 0.2535878392812421 0.6432566155898694 0.02099433847375849 0.03989017095052709
0 0.2276702215864904 0.6364946210270768 0.02406479139585782 0.03689250494291585
0 0.21693727312861794 0.6486590400004375 0.0240920649348082 0.03845500494291585
0 0.2701498222351135 0.7410892791260226 0.02255683847375849 0.03995383794672147
0 0.2793339074624611 0.7297697771488563 0.02406479139585782 0.03689250494291585
0 0.23307651622875908 0.7222729535365907 0.02883411201270878 0.04177100593149916
0 0.25626855437820606 0.7072554485936748 0.027298885551659248 0.0432698389353046
0 0.26156002637502884 0.6968763641069946 0.02557274431795715 0.03383117193911023