0 0.43506888985782693 0.3798723699694178 0.020858531570031147 0.01043953301668683
0 0.44107596615206884 0.3569704585040286 0.00983002630835923 0.008303822930778536
0 0.4236455424463106 0.3352968543655856 0.013046031570031147 0.010030097241038049
0 0.4119344977220999 0.34915131445149383 0.00983002630835923 0.008303822930778536
0 0.3961498740022243 0.312593016735486 0.009921031570031057 0.009866322930778538
0 0.43947493977312246 0.29085081354698267 0.009739021046687312 0.006741322930778537
0 0.35291581349299805 0.3327727199239893 0.011301521046687402 0.006823210085908293
0 0.3133905819088495 0.32939209237979794 0.012864021046687402 0.0069050972410380496
0 0.31050080033881844 0.33888992311249255 0.011301521046687402 0.006823210085908293
0 0.48122865620753996 0.9647176814802357 0.008176521046687313 0.0066594357756486035
0 0.353406035047913 0.8592599768213942 0.016353042093374803 0.013318871551297563
0 0.21639958773521872 0.924855078584988 0.019387036831702887 0.011920145861557074
0 0.18272253774933614 0.941418458842713 0.01809755261671846 0.016525758706427494
0 0.2071310035484691 0.9502645143606369 0.014881547355046631 0.014799484396167628
0 0.21991172460927394 0.9581622235420341 0.011665542093374804 0.013073210085908471
0 0.21113596408593027 0.9617376028952476 0.013228042093374803 0.01315509724103805
0 0.34245312449633447 0.8333525740624322 0.01956904735504663 0.015045145861557075
0 0.15176721131392 0.8176434441433917 0.02094953683170293 0.012002033016686653
0 0.09523024302512542 0.959244445952414 0.013410052616718482 0.01628009724103805
0 0.13574882721187503 0.9321972670741703 0.013319047355046632 0.01471759724103805
0 0.21952385871131894 0.8444682157401179 0.019478042093374802 0.013482645861557074
0 0.14974968500556077 0.8255378312985215 0.019387036831702974 0.011920145861557074
0 0.2128566297580063 0.8385867079382017 0.016171031570031146 0.010193871551297562
0 0.7794511375093398 0.6585717435568803 0.011392526308359407 0.008385710085908115
0 0.833076666448535 0.6471938302824687 0.012955026308359407 0.00846759724103805
0 0.7281917453736126 0.6293246568312918 0.009739021046687312 0.006741322930778537
0 0.8246348348926211 0.6717810724805526 0.013046031570031147 0.010030097241038049
0 0.6543873082313262 0.3185309989839472 0.011574536831702887 0.011510710085908293
0 0.08245285309671124 0.48324851198578767 0.006523015785015551 0.005015048620519024
0 0.04710688729757826 0.4749756665537719 0.008176521046687401 0.006659435775648781