0 0.047387807633889736 0.440625 0.03886701036759257 0.015625
0 0.02733985631430655 0.51796875 0.023242010367592568 0.015625
0 0.29921627337356604 0.64296875 0.037304510367592594 0.015625
0 0.15639591192194602 0.8109375 0.040292809330833276 0.0140625
0 0.14336468897222313 0.46875 0.034042809330833326 0.0140625
0 0.24188080994296396 0.5125 0.032753711404351814 0.0171875
0 0.2707870599429639 0.5125 0.016718608294074056 0.0125
0 0.2594784130532417 0.5078125 0.030038814514629576 0.021875
0 0.45362824571115823 0.45859375 0.022558505183796384 0.0078125
0 0.4019407321860197 0.6296875 0.040566211404351724 0.0171875
0 0.3982490956638901 0.609375 0.03560530933083328 0.0140625
0 0.4378877941087511 0.61171875 0.041718608294074144 0.0125
0 0.4951733223368068 0.64453125 0.035468608294074146 0.0125
0 0.49575766564513984 0.50390625 0.029218608294073967 0.0125
0 0.44014194415601937 0.4609375 0.033906108294074144 0.0125
0 0.44395044933981576 0.453125 0.03675770622055552 0.009375
0 0.45855019156412125 0.46484375 0.029081907257314833 0.0109375
0 0.5780424853435657 0.47421875 0.04158190725731483 0.0109375
0 0.4622644945798625 0.76171875 0.03050770622055552 0.009375
0 0.4637880383593071 0.77109375 0.03859360829407414 0.0125
0 0.6272906296413898 0.4828125 0.03533190725731465 0.0109375
0 0.6264704234208343 0.4921875 0.02113270622055552 0.009375
0 0.6614216218656954 0.49453125 0.01929680414703707 0.00625
0 0.6711383744575935 0.490625 0.03404280933083328 0.0140625
0 0.6902595213473157 0.4953125 0.027246005183796385 0.0078125
0 0.71806330966014 0.58828125 0.027382706220555518 0.009375
0 0.8958465570682419 0.5921875 0.027246005183796385 0.0078125
0 0.9302994695093529 0.5734375 0.022421804147036893 0.00625
0 0.9019311702632884 0.64765625 0.03376940725731501 0.0109375
0 0.8748990700277325 0.57265625 0.017460902073518268 0.003125
0 0.9434426014133341 0.45 0.030644407257314654 0.0109375
0 0.7803008865686125 0.6984375 0.01916010311027776 0.0046875
0 0.786043038642131 0.6953125 0.022421804147036893 0.00625