0 0.4359421554960088 0.89976842668953 0.01559076674922295 0.03363154735504672
0 0.43686464660466856 0.8354784135353504 0.01559076674922295 0.03363154735504672
0 0.6222820698878669 0.9312173058122518 0.01602741439185813 0.04300654735504672
0 0.6308394325843141 0.9299355268730565 0.017371590570540718 0.038410052616718815
0 0.6382066687305752 0.78536647951801 0.02198631596343468 0.037120568401734035
0 0.6498697607488577 0.7666696874246351 0.017517139784752268 0.04153505261671846
0 0.4428727439996347 0.7458243793344833 0.017298815963434678 0.03684755261671846
0 0.4521278118250963 0.574510821456093 0.01722604135632899 0.03528505261671846
0 0.4593581149682494 0.5615557951477338 0.014101041356328992 0.0351030420933748
0 0.5682256151776464 0.007815051583649205 0.007123295285270359 0.01563010316729841
0 0.5792551604629168 0.024231558443087695 0.010321069892376045 0.0208585315700311
0 0.4867595612059238 0.3257324162367734 0.014392139784752267 0.0413530420933748
0 0.506960745242489 0.2885208425733675 0.010393844499482085 0.02242103157003115
0 0.48850172787409357 0.009933110989219012 0.013227746071058633 0.016353042093374792
0 0.5117252121583278 0.07125004258748498 0.007559942927905539 0.0284890210466874
0 0.5156314621583278 0.07102252943330536 0.012029119106587771 0.02407453683170293
0 0.6381657417278325 0.14535612954624483 0.010248295285270359 0.019296031570031104
0 0.6290369524384181 0.30256168479379925 0.015226893713693812 0.025819047355046632
0 0.5905415709258335 0.08154352950389251 0.010248295285270359 0.019296031570031104
0 0.4480097001621065 0.6711051003952881 0.017371590570540718 0.03841005261671846
0 0.4514793025194714 0.6615025872411084 0.014319365177646403 0.039790542093374626