0 0.22724576848643868 0.08086929895920328 0.01780912628012441 0.03831887155129752
0 0.20574249480891532 0.08679507236495163 0.015518584186749607 0.025736984396167763
0 0.3264366134788806 0.35563800486124003 0.016519642065139985 0.042924484396167806
0 0.3250330081748564 0.31246453697341564 0.021116136803468067 0.041607645861557074
0 0.3844956823041376 0.7849780240831169 0.021207142065139982 0.043170145861557076
0 0.39809545071998914 0.7802053149017197 0.010558068401734034 0.020803822930778537
0 0.4989262635071155 0.3944559226582074 0.013030621018452492 0.036510710085908296
0 0.4059435610033365 0.524368072703636 0.020479099971765134 0.030670145861557075
0 0.41131360046587534 0.5128949841690252 0.020388094710093264 0.029107645861557074
0 0.3241923030402415 0.44798927917149955 0.022967063140062204 0.019896420171816587
0 0.3208929977926871 0.4642726984388049 0.021768584186749606 0.02606453301668683
0 0.34284911070687035 0.2083911906368888 0.021480157850155467 0.04785764586155698
0 0.3332465975526907 0.21180611770611027 0.01155912628012441 0.03799132293077852
0 0.22983462926389614 0.3458735012431954 0.016610647326811813 0.04448698439616781
0 0.23801115031058356 0.3400329370188442 0.017718121018452493 0.03675637155129756
0 0.23446121608148163 0.3202560255534549 0.011013094710093263 0.028616322930778537
0 0.2249952108198098 0.3213272026226764 0.019644642065139984 0.04308825870642732
0 0.22109666609559914 0.3344446783124169 0.01468412628012441 0.03815509724103805
0 0.4056797085419097 0.7038065892119792 0.019098610495108838 0.033713258706427315
0 0.4587375481315055 0.8288342446844748 0.01624662628012441 0.03823698439616763
0 0.4617491560663655 0.8713083497274289 0.016974668373499213 0.050736984396167625
0 0.5175900474256337 0.08746561623577224 0.01523015785015538 0.047530097241038
0 0.44725588964606555 0.20524293645301733 0.012575594710093263 0.028698210085908272
0 0.1054452191358406 0.7593827233148913 0.028928636803468067 0.042017081637205675
0 0.4323526845114506 0.34003069425493343 0.020661110495108836 0.033795145861557074
0 0.3222272556146077 0.3875464241285454 0.01028505261671846 0.016116322930778536
0 0.46454793237472475 0.8636186804601234 0.026349668373499214 0.05122830732694652
0 0.446011908061917 0.19969229929788754 0.015973610495108835 0.03354948439616776