0 0.41953125 0.09921875 0.00546875 0.015625
0 0.425 0.08828125 0.00390625 0.01328125
0 0.4609375 0.35234375 0.00703125 0.02265625
0 0.46640625 0.35703125 0.00546875 0.0234375
0 0.45859375 0.4046875 0.01015625 0.02890625
0 0.44296875 0.40546875 0.009375 0.02734375
0 0.42890625 0.4015625 0.01015625 0.02734375
0 0.43203125 0.45390625 0.009375 0.02890625
0 0.375 0.47578125 0.009375 0.03125
0 0.3375 0.4890625 0.01171875 0.02734375
0 0.421875 0.45703125 0.0109375 0.02734375
0 0.41640625 0.45 0.00859375 0.02734375
0 0.4046875 0.453125 0.01015625 0.02734375
0 0.39765625 0.44921875 0.01015625 0.0265625
0 0.39296875 0.44296875 0.00859375 0.02890625
0 0.378125 0.44140625 0.009375 0.0296875
0 0.375 0.4375 0.009375 0.0296875
0 0.3578125 0.42109375 0.00859375 0.0265625
0 0.34296875 0.4453125 0.0125 0.0296875
0 0.34140625 0.4390625 0.01015625 0.02890625
0 0.3140625 0.48828125 0.01484375 0.02890625
0 0.2453125 0.59921875 0.0125 0.03046875
0 0.10546875 0.98828125 0.0296875 0.0234375
0 0.1828125 0.96171875 0.0234375 0.03046875
0 0.29453125 0.92421875 0.0203125 0.040625
0 0.315625 0.93046875 0.0203125 0.02890625
0 0.31328125 0.95234375 0.02265625 0.034375
0 0.478125 0.91171875 0.01328125 0.03515625
0 0.4828125 0.9703125 0.0125 0.03515625
0 0.49609375 0.93125 0.02109375 0.0375
0 0.52109375 0.96328125 0.0125 0.05078125
0 0.20390625 0.48203125 0.01640625 0.02734375
0 0.63125 0.809375 0.015625 0.03203125
0 0.7328125 0.6234375 0.015625 0.03203125
0 0.74140625 0.67421875 0.01484375 0.0359375
0 0.76640625 0.6703125 0.0171875 0.03359375
0 0.775 0.68203125 0.01484375 0.03515625
0 0.71328125 0.76640625 0.01484375 0.03515625
0 0.70546875 0.7546875 0.01796875 0.03359375
0 0.75078125 0.7515625 0.02109375 0.034375
0 0.73046875 0.734375 0.0171875 0.03515625
0 0.7265625 0.725 0.0171875 0.02890625