0 0.6069994165019028 0.011377019882207082 0.023501166996194377 0.0019716030842550996
0 0.6083072485171253 0.017654293421157423 0.031759335969555026 0.013045470779006802
0 0.641199367072744 0.2465156789728166 0.02407416996194378 0.01603410308425506
0 0.6400042815974805 0.25665829220334146 0.02244800296574958 0.014444329545304769
0 0.6324544253619704 0.36519749512544075 0.01782416996194396 0.01592500892845372
0 0.6649061225099515 0.2211298952875965 0.016007001977166268 0.00964773538950343
0 0.6629125409890207 0.21249523497917103 0.015943334980972067 0.008085235389503431
0 0.5880492148681162 0.5723827037295829 0.025445668973360824 0.011373876623205348
0 0.4910296348300601 0.5550531075451867 0.03494800296574958 0.014662517856907442
0 0.49748522327107325 0.5309298149315129 0.038009335969555025 0.013154564934808021
0 0.3941281185184378 0.6307604452081663 0.05095500494291585 0.024310253246410875
0 0.3870557647543856 0.7275808981302656 0.03839133794672147 0.02252956493480802
0 0.3726430962753164 0.7359291862797125 0.04119800296574958 0.014771612012708957
0 0.4528107573400117 0.7639099103051302 0.04751166996194396 0.016443206168510117
0 0.5165376763133724 0.7540769886326191 0.033449169961943956 0.016197744317957154
0 0.41389283737806776 0.778866708600847 0.04425933596955507 0.013263659090609536
0 0.39238525190280427 0.7886547658250173 0.05057300296574949 0.014935253246410873
0 0.37212183144656874 0.8062825965881381 0.02713550296574958 0.014526150162155815
0 0.4106259159332491 0.8014820482924213 0.04438666996194396 0.016388659090609537
0 0.4536211822448715 0.724833773535655 0.03338550296574958 0.014635244317956975
0 0.4407617434998473 0.8293712690714281 0.03188666996194396 0.016170470779006862
0 0.4047778225493202 0.8490701144450454 0.041261669961943956 0.016334112012708603
0 0.33633157007786224 0.8596024655007056 0.04932883794672147 0.022720479707460585
0 0.3217915676064043 0.8710757536501527 0.04913783695813834 0.018032979707460584
0 0.30921331315778 0.8919649521080251 0.06189250494291585 0.024501168019063258
0 0.3834983887472118 0.9300064687471167 0.047575336958138335 0.018005706168510473
0 0.3796703931958361 0.9088308981302656 0.038264003954332715 0.019404564934808376
0 0.3892828151349464 0.8839809025944925 0.044259335969555114 0.013263659090609536
0 0.3763371461615856 0.8947002142828897 0.04926517095052709 0.021157979707460584
0 0.3973035621691968 0.8981934070587194 0.03501166996194396 0.016225017856907442
0 0.427598557226281 0.9221763778377262 0.053634335969555025 0.013427300324311631
0 0.4290164771882249 0.9065650146072013 0.04288783695813834 0.01792388555165907
0 0.4337649855911819 0.8667758116851019 0.028634335969555023 0.012990923701106282
0 0.42641540061021 0.8744655807598253 0.03357650395433254 0.01932274431795733
0 0.4139472341083071 0.8734661424482226 0.030387836958138337 0.017705697240056394
0 0.4437939015987931 0.8700780896882792 0.039826503954332716 0.01943183847375849
0 0.4578882350968903 0.8695423015388324 0.044259335969555204 0.013263659090609536
0 0.4495027321311408 0.8834684338440806 0.039571835969555026 0.013181838473758489
0 0.44365198015397445 0.8927479764577544 0.04288783695813834 0.017923885551659424
0 0.45983539566729403 0.8985030986167329 0.041261669961943956 0.016334112012708957
0 0.46410906019203046 0.908741169233584 0.02876166996194396 0.01611592370110628
0 0.47937857452648647 0.8409906075451866 0.047384335969555026 0.013318206168510116
0 0.4800789114846248 0.8238031075451868 0.04113433596955503 0.013209112012708602
0 0.5060418922072529 0.9157275547852433 0.04119800296574958 0.014771612012708601
0 0.5062183057434062 0.9305849415547183 0.046140170950527096 0.02110343262955965
0 0.5272311427015446 0.9137519975610727 0.03488433596955502 0.013100017856907443