0 0.8438369910781368 0.9821509873105765 0.028834112012708957 0.03569802537884712
0 0.8591501197299373 0.8683673059050461 0.04141593262955965 0.04554884933607006
0 0.8602586521973412 0.8496218510845859 0.030151150162155815 0.026735216822512696
0 0.6862559107187579 0.6571838453290493 0.021103432629559826 0.045430674668035034
0 0.6268813161592147 0.9701514779408026 0.04415910308425506 0.023692030054229464
0 0.6262909809318671 0.9592094327612628 0.0394170560063543 0.020539758976990185
0 0.851590584419864 0.630017878211949 0.02565456493480802 0.03764544574527395
0 0.844046865669452 0.5698116312370111 0.03861821509696384 0.06428066861791085
0 0.7586702475676633 0.40289177594901265 0.021048885551659246 0.04230567466803503
0 0.8349503295486 0.4642792487234537 0.025600017856907444 0.03452044574527378
0 0.8381980604738766 0.457266179441613 0.024037517856907442 0.03451135538619425
0 0.4010472934310433 0.8375742855151783 0.025790932629559827 0.04545794574527377
0 0.37698250203518546 0.873375430128984 0.019568206168510117 0.04698408430895533
0 0.46510979343104325 0.8379469902374426 0.016197744317957154 0.032903403590796285
0 0.5092491258157218 0.5920850443939729 0.0178420649348082 0.03759999394987581
0 0.5203093567409983 0.5851174269075303 0.01937729139585791 0.03604658430895533
0 0.6582281424548133 0.5171628333269969 0.03174092370110628 0.02830680718159222
0 0.6537997410748415 0.5022918122497579 0.01123750892845372 0.017251132513557366
0 0.6655184910748415 0.502359989942855 0.011182961850553142 0.014126132513557366
0 0.7236310000032953 0.4855088332288009 0.019104556006354478 0.020421584308955333
0 0.7409196858792659 0.3902872368195971 0.020939791395857908 0.03605567466803503
0 0.7335435625024715 0.365241785024199 0.014526150162155815 0.026644313231716586
0 0.5431855694023303 0.43836060157556533 0.01937729139585791 0.03604658430895533
0 0.5441440974055075 0.4282088967551051 0.017732970779006863 0.03134999394987581
0 0.5874185848236058 0.3214185412707149 0.01126478246740401 0.018813632513557367
0 0.6295730827950109 0.4130793213249442 0.019268197240056396 0.029796584308955376
0 0.6274338843371384 0.4013469357863248 0.020803423701106105 0.028243174668035033
0 0.5884452966741589 0.30736058645025477 0.0178420649348082 0.03759999394987581
0 0.49546686404459894 0.35213675526455723 0.014580697240056395 0.02976931323171659
0 0.5214214379078609 0.29759470100983115 0.017678423701106283 0.02822499394987581
0 0.5247237159110381 0.2874566317279904 0.012909103084255058 0.023510222872636887
0 0.5394698287345259 0.11408730942108755 0.014635244317957152 0.03289431323171658
0 0.8304282451320313 0.32048834210759547 0.020830697240056394 0.02980567466803503
0 0.8396220129889388 0.2861633390825334 0.020830697240056394 0.02980567466803503
0 0.8309658076312075 0.20016675174851586 0.020939791395857554 0.03605567466803503
0 0.8208561964292777 0.10791107405541873 0.022502291395857556 0.03606476502711464
0 0.8056306168839727 0.12969971564416236 0.02255683847375849 0.039189765027114645
0 0.7866760653418453 0.14130938133520696 0.017896612012708958 0.04072499394987581
0 0.7886437142861851 0.07334517651474677 0.0178420649348082 0.03759999394987581
0 0.5401828948871501 0.11799810460062736 0.009811376623205349 0.025054542154477666
0 0.6050772378251354 0.07071455932289168 0.012936376623205348 0.025072722872636934
0 0.600526105519887 0.06287478824565282 0.009811376623205349 0.02505454215447771
0 0.7095641404229232 0.12757815856076588 0.009756829545304768 0.021929542154477667
0 0.709795965504001 0.11429690856076587 0.012881829545304768 0.021947722872636976