0 0.3781094290459376 0.13141206382089174 0.05061824905006951 0.026853391490547773
0 0.3755111059076737 0.12048819935951119 0.01584320554708336 0.009465903590796198
0 0.5264781131258683 0.3290132507855669 0.028597778685347207 0.020476126463433175
0 0.6252617584524656 0.3768826033430908 0.019113675911805572 0.01573408430895542
0 0.6210100163362503 0.36206157924078985 0.05203527868534721 0.02061248184962743
0 0.4865622811538892 0.359718350121637 0.04891027868534721 0.020594301131468207
0 0.458419097358299 0.3591007265850701 0.023655705547083274 0.009511355386194253
0 0.4468094501318406 0.36385640427816723 0.034884146276527875 0.022074987899751618
0 0.4985174204965627 0.3698064224285399 0.050509146276527875 0.022165891490547728
0 0.4863265450215975 0.38316039530117674 0.025254573138263937 0.011082945745273954
0 0.583492485751042 0.3950967930382404 0.05821254350298606 0.017523843285945872
0 0.5831840144363893 0.4154138382177803 0.02834320554708327 0.009538626463433175
0 0.5466834699834726 0.4250024616561513 0.058321646276527875 0.022211343285945873
0 0.46194544728204895 0.4434666362259905 0.05210801386770836 0.02373748184962743
0 0.454786910712917 0.43803879284184877 0.028452308320624908 0.014226126463433176
0 0.5770074028291323 0.45217349483363856 0.02223867591180557 0.015752265027114732
0 0.555241505602674 0.4569882598607532 0.03175914627652787 0.0220568071815924
0 0.5781886963321184 0.46935644965409884 0.03324891109416672 0.018940897540672096
0 0.6351114967689588 0.49793544672723244 0.01907730832062491 0.014171584308955331
0 0.6216308782278477 0.5230172599589491 0.023655705547083274 0.009511355386194253
0 0.6449956430454865 0.5197559045727548 0.019004573138263935 0.011046584308955332
0 0.6413978643601392 0.499461585290914 0.053488675911805575 0.01593407220870695
0 0.6589672240675352 0.5157678413410383 0.037936411094166546 0.018968168617910664
0 0.6270268930454865 0.5198604437021703 0.04894664627652787 0.022156801131468028