0 0.40061461809519827 0.8095982663268868 0.017951159090609535 0.04435020072563951
0 0.5307266322986577 0.9726389580668515 0.020939791395857908 0.03664682813030105
0 0.6547566473161914 0.7872421498068163 0.017951159090609535 0.04435020072563933
0 0.6440276529982343 0.7540749857416656 0.01792388555165907 0.04278770072563951
0 0.6582810677708867 0.7655035590626434 0.019404564934808022 0.03815476442797028
0 0.6579265117645322 0.7451910590626435 0.0178420649348082 0.03810020072563951
0 0.6452492337613551 0.7345982994439966 0.017951159090609535 0.04435020072563951
0 0.6224161111986346 0.4105605987183572 0.014498876623205348 0.02549107332097762
0 0.5214065848170153 0.6623462988110245 0.019186376623205346 0.025654764427970277
0 0.5171730523496112 0.6434598895551973 0.017596603084255057 0.02403770072563951
0 0.4288002991032003 0.5904043222246693 0.016143197240056396 0.030233137023308564
0 0.4293769975610727 0.5787128540758347 0.01762387662320535 0.02560020072563951
0 0.4517587378218401 0.4295858733131285 0.01943183847375849 0.03971726442797028
0 0.5362740596565072 0.39584084509016015 0.008139782467404188 0.019022818511654282
0 0.5423331448838548 0.3851215998994836 0.014580697240056395 0.03017857332097771
0 0.37113030072805336 0.37289687449425485 0.016470479707460583 0.048983137023308566
0 0.3724882491859258 0.36123268819658566 0.011592064934808199 0.037881945916315996
0 0.3815262840889619 0.29752485226173625 0.014662517856907442 0.03486607332097771
0 0.3876399163942102 0.28993060707105967 0.011510244317957153 0.033194445916316
0 0.41887627962473495 0.2902406311176768 0.014798885551659069 0.04267857332097771
0 0.4258666193163094 0.2881424177781656 0.013209112012708957 0.04106150961864685
0 0.654126212661332 0.16962806387196688 0.014662517856907442 0.03486607332097771
0 0.6460682508107789 0.15529274536031262 0.012936376623205525 0.025436509618646852
0 0.6342170872559425 0.10256704944399661 0.008112508928453721 0.017460318511654284
0 0.6373187678569074 0.05660970869982375 0.008412517856907442 0.034647818511654285
0 0.6435960413958578 0.05839046350914717 0.011482970779006863 0.031631945916316
0 0.43959610835926083 0.1800943048014742 0.014553423701106283 0.02861607332097771
0 0.445976747564368 0.09833587331312847 0.014498876623205348 0.02549107332097771
0 0.4441142386359143 0.08109380961079762 0.00964773538950343 0.01595238221398514
0 0.4838915791382677 0.21287208846673816 0.006468188311602674 0.012718254809323426
0 0.4941181927758295 0.038335879936550445 0.008139782467404188 0.019022818511654282
0 0.4988738766232054 0.04240582104354301 0.011155688311602675 0.012881945916315996
0 0.4364201099808186 0.44544648628981987 0.01762387662320535 0.02560020072563951
0 0.4887449001621558 0.043613656978392444 0.006550008928453721 0.017405754809323427
0 0.44300966030842553 0.017812559610797626 0.011019320616851047 0.00506944591631599
0 0.4429960235389503 0.01703130961079763 0.00786704707790058 0.0033978185116542827