0 0.9417236960765937 0.3933257707969382 0.016135183030537802 0.006795637023308565
0 0.9524539019859489 0.4000023567317877 0.014317591515268902 0.003616073320977664
0 0.6804034298657362 0.43614078649085286 0.02420277454580706 0.010193455534962936
0 0.6762261128962743 0.44255447759784544 0.02563772878817261 0.008685519237293705
0 0.6253970654716497 0.4341442660724327 0.030835411818710766 0.015099210344286362
0 0.6249028578953044 0.4184919842212674 0.030580320303441866 0.011974210344286362
0 0.6275974231977763 0.4035118249654402 0.029145366061076317 0.013482146641955416
0 0.573037468955411 0.40698405454702014 0.029145366061076317 0.013482146641955416
0 0.5478144572864813 0.3475371326773213 0.033832866061076314 0.013645837748947986
0 0.5321258133456179 0.30891114229596817 0.030835411818710766 0.015099210344286273
0 0.5698646715307865 0.3969096501005165 0.029017820303441865 0.011919646641955417
0 0.5763857385002483 0.3904141134400276 0.030580320303441866 0.011974210344286274
0 0.5730853953179892 0.37877720899352385 0.030707866061076318 0.013536710344286274
0 0.5764176894086338 0.3716095497376967 0.029017820303441688 0.011919646641955417
0 0.583002529256913 0.3658952630772079 0.030452774545807238 0.010411710344286274
0 0.5841345945593849 0.3509696675237116 0.030580320303441866 0.011974210344286185
0 0.5877857530441158 0.3477082582678845 0.03239791181871077 0.01515377404661713
0 0.604351499710136 0.3298932756910796 0.029145366061076317 0.013482146641955416
0 0.5780122692549734 0.31436004492837333 0.032525457576345215 0.01671627404661713
0 0.5849159734973387 0.3125520082678845 0.029145366061076317 0.013482146641955416
0 0.5316475812234653 0.2838565785936373 0.03290809484924893 0.02140377404661713
0 0.4130253848570076 0.2127851651614589 0.03434304909161447 0.019895837748947987
0 0.03711684697528085 0.14756448076270628 0.030420823637421636 0.029107146641955416
0 0.077151528797871 0.2636879885672546 0.047480777879787106 0.02814484736759475
0 0.07196969228357178 0.2865897752277434 0.03147314060688351 0.022911710344286185
0 0.04977582788948544 0.28344741706037546 0.042665732122152564 0.026418656260602268
0 0.09974336122928432 0.45406745190676573 0.03890300333397989 0.018497028855940557
0 0.04771847562337066 0.4598015859348495 0.01989791181871081 0.014717264427970278
0 0.08011638744208148 0.47277281188823234 0.04123077787978711 0.027926592558271325
0 0.05800214244305131 0.49939979927436057 0.03577800333397989 0.018387901451278842
0 0.5325567637949615 0.17022066452848672 0.029783094849248924 0.021294646641955416
0 0.2130718929020933 0.613856624957591 0.03577800333397987 0.018387901451278842
0 0.41125391457296256 0.7189731669755575 0.035778003333979846 0.018387901451278842
0 0.35863909760350066 0.7270783328548065 0.040848140606883465 0.023239092558271324
0 0.3647136254832878 0.7535044235989794 0.035905549091614475 0.019950401451278844
0 0.35291512715027773 0.7625346832176263 0.03734050333397985 0.01844246515360979
0 0.2622744095719927 0.6983209049946579 0.037595594849248924 0.021567465153609612
0 0.27335543078382 0.6900991772271764 0.036288186364518006 0.024637901451278664
0 0.27958932639167333 0.7376735816736801 0.039668277879787085 0.027872028855940555
0 0.2958999815424244 0.7167335990968754 0.037595594849248924 0.02156746515360979
0 0.30573736714833805 0.7124726850317248 0.029783094849248924 0.021294646641955416