0 0.21875 0.64765625 0.00859375 0.0265625
0 0.23046875 0.6421875 0.0078125 0.02734375
0 0.2859375 0.63828125 0.0078125 0.03046875
0 0.409375 0.6203125 0.00703125 0.02578125
0 0.6296875 0.57890625 0.00390625 0.01015625
0 0.48359375 0.59609375 0.0046875 0.021875
0 0.478125 0.59765625 0.00546875 0.021875
0 0.4703125 0.596875 0.00390625 0.02109375
0 0.46015625 0.60078125 0.00390625 0.0203125
0 0.4515625 0.6015625 0.0046875 0.021875
0 0.44609375 0.603125 0.00390625 0.02109375
0 0.44765625 0.6046875 0.00546875 0.02109375
0 0.4546875 0.60234375 0.00390625 0.0203125