0 0.3191217263224767 0.0027348919241566337 0.04925654735504663 0.0054697838483132675
0 0.31192387635071156 0.027580464568841095 0.04869510523343701 0.03261392319868043
0 0.29208181321064935 0.04687603384831327 0.04547909997176518 0.030960494985435072
0 0.2787627658556027 0.061302246701294714 0.05016659997176518 0.031096887305303113
0 0.3498033079489775 0.04675636190327406 0.04842208944842143 0.02792642319868043
0 0.30396018693052496 0.08396685688870913 0.04208108418674961 0.026182066772189705
0 0.3181291027437754 0.10851221582248231 0.05172909997176518 0.031142351411925794
0 0.30006934748210357 0.11059755304864316 0.04346157366340586 0.023102530878812377
0 0.3498348580760344 0.18012279137016068 0.04529708944842144 0.027835494985435093
0 0.4013287396178306 0.1396281720115462 0.04391659997176518 0.030915030878812377
0 0.5102347608056924 0.27840586401484513 0.04042757892507769 0.024574102665567032
0 0.4745023871564039 0.31610209230723274 0.038956084186749604 0.026091138558944314
0 0.45129240031058354 0.312877803906573 0.03721157366340595 0.02292067445232169
0 0.11501326606736421 0.28834578299038344 0.03408657366340591 0.022829746239076344
0 0.05234739511949886 0.4001387408287999 0.03399556840173403 0.021267246239076342
0 0.43498558987194447 0.40538355265293174 0.04456904735504672 0.01533549498543505
0 0.46936058987194446 0.4043833423072328 0.03399556840173403 0.021267246239076342
0 0.48443185302612407 0.4000451832943173 0.03721157366340595 0.0229206744523216
0 0.5119576135494678 0.3961245614284204 0.03399556840173403 0.021267246239076342
0 0.5228041082877959 0.39736881268206165 0.038956084186749604 0.026091138558944314
0 0.3090083768448217 0.5463160927029442 0.05439907366340595 0.02342077962517113
0 0.4045483899990014 0.5396365321989606 0.04024556840173403 0.021449102665567033
0 0.40708956107392363 0.562960371932404 0.04208108418674961 0.026182066772189573
0 0.43535106896643133 0.5597982680131957 0.029217063140062293 0.019568353919208192
0 0.6829541110598061 0.5401149391668121 0.037302578925077864 0.0244831744523216
0 0.5769239189381965 0.5260417304704657 0.037120568401734035 0.021358174452321778
0 0.5482451820923762 0.5229765664429854 0.04502407366340577 0.023147994985435006
0 0.6267419084148529 0.52771187905854 0.03372255261671846 0.01657974623907634
0 0.6236323189664313 0.5543198431651626 0.03564907366340577 0.02287521034569906
0 0.5430648584289702 0.544965226709542 0.03574007892507769 0.02443771034569906
0 0.5683910821206111 0.5520275689502678 0.030688557878390376 0.01805131802583091
0 0.6995577821347284 0.5630296019406511 0.043279563140062295 0.019977530878812287
0 0.7078407189946663 0.5815068173009152 0.027654563140062295 0.019522889812585476
0 0.7233901242845729 0.6091317121280657 0.03555806840173403 0.021312710345699058
0 0.6275994821488459 0.5799419687919831 0.04180806840173403 0.021494566772189572
0 0.594551763718877 0.5715444470843709 0.03555806840173403 0.021312710345699058
0 0.5894547400413537 0.5787120894042388 0.020858531570031147 0.009966033386094964
0 0.570431724256338 0.5839451586837111 0.03721157366340577 0.022920674452321776
0 0.5704625453594951 0.6369792304704658 0.040336573663405775 0.02301160266556703
0 0.842938242883951 0.7928354592250717 0.03721157366340577 0.0229206744523216
0 0.8435073902813499 0.8232360130651377 0.03775760523343692 0.032295674452321774
0 0.8308562008611634 0.8797587977048739 0.034905621018452494 0.036892246239076346
0 0.790626043011008 0.927724936263818 0.04142863680346807 0.04176160266556721
0 0.8334736956700788 0.9553354592250717 0.040973610495108656 0.03394910266556721
0 0.8203590456418439 0.9260798682379872 0.03821263154179633 0.040108174452321774
0 0.8665283903519372 0.8966591411992407 0.041064615756780755 0.03551160266556721