0 0.8125293141463633 0.8367852747645447 0.02589133794672156 0.0231851944820761
0 0.6504404910283894 0.7969459260531687 0.03057883794672147 0.02343085594746519
0 0.7224481422072528 0.8664528426069407 0.02732650395433254 0.020142081637205676
0 0.9114987133480603 0.9142341661035459 0.02276633794672165 0.023021420171816232
0 0.7969242187852679 0.8945125655831475 0.02120383794672165 0.022939533016686654
0 0.7930352148309352 0.913426339893407 0.03057883794672147 0.023430855947465544
0 0.7211310399260754 0.9561737618742459 0.03000583498097189 0.009368355947465545
0 0.8552565498862691 0.11343298394594185 0.03526633794672165 0.023676517412854547
0 0.3745093438038585 0.7194162268213942 0.02876166996194396 0.017098968792335613
0 0.204975435210621 0.6901016203081021 0.035011669961943936 0.017426517412854635
0 0.02614743965924531 0.6784248931480235 0.033385502965749526 0.0157821302577247
0 0.03126602118017616 0.6867320381050694 0.022257001977166346 0.010521420171816587
0 0.031506101712523826 0.6999723445275045 0.028634335969555134 0.013973968792335612
0 0.03353151673155187 0.70766201379481 0.028634335969555134 0.013973968792335612
0 0.19488285220681542 0.6890713868164455 0.028570668973360736 0.012411468792335612
0 0.3659474273019556 0.719085356174608 0.012882001977166357 0.010030097241038049
0 0.17919411558986933 0.23227915422930004 0.03813666996194391 0.01759029172311406
0 0.5290813690499104 0.19757112505780047 0.043078837946721474 0.024085953188503283
0 0.5296225385175628 0.18428987505780048 0.046076503954332534 0.021124727498762798
0 0.5408783734985347 0.1759041649718922 0.04295150395433271 0.02096095318850333