0 0.0328125 0.434375 0.02265625 0.0453125
0 0.034375 0.36875 0.0203125 0.053125
0 0.20625 0.26328125 0.01953125 0.0328125
0 0.15 0.44609375 0.01875 0.04453125
0 0.1640625 0.459375 0.0125 0.053125
0 0.16171875 0.43359375 0.01484375 0.04765625
0 0.25234375 0.446875 0.01640625 0.0484375
0 0.246875 0.43515625 0.01640625 0.0546875
0 0.24140625 0.4078125 0.015625 0.04921875
0 0.284375 0.3515625 0.01640625 0.05
0 0.2828125 0.3375 0.01640625 0.0484375
0 0.35703125 0.33125 0.01328125 0.04921875
0 0.3765625 0.234375 0.01484375 0.0390625
0 0.3703125 0.1953125 0.0109375 0.0359375
0 0.3765625 0.18671875 0.009375 0.03828125
0 0.4046875 0.1703125 0.01171875 0.034375
0 0.5375 0.14453125 0.00859375 0.03515625
0 0.80546875 0.1796875 0.01015625 0.04296875
0 0.83359375 0.1984375 0.0109375 0.03515625
0 0.85546875 0.2109375 0.01640625 0.04140625
0 0.87890625 0.2234375 0.01875 0.0390625
0 0.9015625 0.2359375 0.01875 0.04140625
0 0.9328125 0.2546875 0.01328125 0.04140625
0 0.971875 0.278125 0.0140625 0.04375
0 0.878125 0.3921875 0.01484375 0.0484375
0 0.84453125 0.36328125 0.01953125 0.0484375
0 0.82890625 0.4359375 0.0296875 0.05546875
0 0.796875 0.40546875 0.02734375 0.05078125
0 0.76484375 0.38046875 0.01484375 0.0484375
0 0.8140625 0.33984375 0.02578125 0.04765625
0 0.78359375 0.32109375 0.01875 0.04609375
0 0.7578125 0.3015625 0.01953125 0.04609375
0 0.73671875 0.3546875 0.02109375 0.04921875
0 0.73515625 0.28359375 0.01328125 0.0390625
0 0.71171875 0.26796875 0.01640625 0.04140625
0 0.6859375 0.246875 0.01015625 0.03828125
0 0.71953125 0.3 0.01328125 0.05625
0 0.709375 0.33125 0.021875 0.04765625
0 0.6859375 0.3140625 0.01796875 0.0453125
0 0.66484375 0.2953125 0.015625 0.040625
0 0.6484375 0.28203125 0.015625 0.040625
0 0.453125 0.26640625 0.00859375 0.03828125
0 0.44296875 0.26875 0.0125 0.0265625
0 0.41015625 0.28359375 0.01484375 0.01953125
0 0.4140625 0.30078125 0.01015625 0.04453125
0 0.41796875 0.31796875 0.01640625 0.0359375
0 0.39453125 0.29296875 0.01171875 0.04296875
0 0.46953125 0.37109375 0.0078125 0.04296875
0 0.484375 0.39140625 0.00859375 0.05
0 0.50703125 0.421875 0.01796875 0.053125
0 0.528125 0.44453125 0.0171875 0.05078125
0 0.55390625 0.4859375 0.01796875 0.05546875
0 0.578125 0.52109375 0.01953125 0.05859375
0 0.60625 0.55625 0.02734375 0.06640625
0 0.6390625 0.58828125 0.028125 0.06640625