0 0.22265625 0.41953125 0.0171875 0.04453125
0 0.253125 0.4328125 0.02109375 0.04296875
0 0.63828125 0.56484375 0.015625 0.04296875
0 0.65703125 0.56171875 0.01484375 0.04921875
0 0.57109375 0.79296875 0.01953125 0.053125
0 0.821875 0.609375 0.01953125 0.04296875
0 0.8375 0.559375 0.0171875 0.03515625
0 0.53203125 0.2234375 0.0109375 0.03515625
0 0.54609375 0.22265625 0.01171875 0.03671875
0 0.5625 0.22421875 0.01484375 0.0421875
0 0.3640625 0.2390625 0.015625 0.046875
0 0.34140625 0.2453125 0.02265625 0.0421875
0 0.2984375 0.24921875 0.01953125 0.0390625
0 0.3953125 0.05546875 0.0125 0.0484375
0 0.4125 0.0578125 0.015625 0.04453125
0 0.47265625 0.0578125 0.01796875 0.04453125