0 0.37604960927243025 0.815766297072698 0.052423369395056166 0.032599668373499216
0 0.3721273838182375 0.8248682812876824 0.016645366061076316 0.01341005261671846
0 0.5378326479030631 0.673569633749109 0.03498077787978708 0.028473610495108836
0 0.6351382115385451 0.6559109678652716 0.023405549091614474 0.02002407366340577
0 0.6306898275996213 0.6680924494494201 0.05216827787978708 0.029474668373499213
0 0.5043665725986515 0.6350762811465082 0.05229582363742171 0.031037168373499215
0 0.4766401853257479 0.6287961890672508 0.02614791181871077 0.015518584186749607
0 0.46747247941639253 0.6212644101280556 0.04148586939505616 0.03196263154179615
0 0.516292616689296 0.6287730732398829 0.05229582363742154 0.031037168373499215
0 0.5064234091129507 0.6126475443006877 0.026275457576345397 0.017081084186749605
0 0.5994399565375753 0.6281731047393267 0.06010832363742154 0.031492194681858446
0 0.6010344074459608 0.6096051152626705 0.02589282030344169 0.012393584186749606
0 0.567600154111981 0.5905520073983975 0.05841827787978708 0.029838689420186526
0 0.4905753974440211 0.5518542574689848 0.05385832363742153 0.031128173635170953
0 0.4831455347169248 0.5560867311606256 0.029528003333980025 0.01882559471009344
0 0.6004446050203665 0.5738041231551783 0.026530549091614473 0.020206084186749608
0 0.5785855804745592 0.5632005521226083 0.03498077787978708 0.028473610495108836
0 0.6022941474440211 0.5583611336785219 0.034598140606883376 0.023786110495108835
0 0.6589587356253104 0.5476658283603804 0.023278003333979846 0.018461573663405773
0 0.6498229806243405 0.521475054682857 0.024457866061076316 0.013865078925077868
0 0.6708369822913305 0.5312518730845911 0.018207866061076317 0.0135010578783902
0 0.6651449627464932 0.5472485994070677 0.05880091515269079 0.03452618942018652
0 0.6830021424430514 0.53740316254713 0.042538186364518005 0.025803636803468068
0 0.6532668450184269 0.5255633152062008 0.050860869395056164 0.0325086631118273