0 0.36015625 0.9515625 0.01640625 0.0375
0 0.39453125 0.98515625 0.0203125 0.0296875
0 0.3734375 0.99375 0.02109375 0.0125
0 0.340625 0.9890625 0.0203125 0.021875
0 0.3046875 0.9828125 0.021875 0.034375
0 0.265625 0.975 0.0234375 0.0359375
0 0.284375 0.9484375 0.02265625 0.03984375
0 0.31953125 0.93125 0.0234375 0.04765625
0 0.29765625 0.92265625 0.0203125 0.04453125
0 0.29765625 0.8765625 0.02109375 0.04765625
0 0.325 0.86171875 0.0171875 0.040625
0 0.34140625 0.8640625 0.01796875 0.05390625
0 0.3171875 0.8171875 0.02109375 0.04609375
0 0.1859375 0.80625 0.02109375 0.04296875
0 0.20703125 0.79453125 0.0234375 0.03984375
0 0.2828125 0.7796875 0.015625 0.04296875
0 0.30546875 0.77265625 0.01640625 0.04375
0 0.31875 0.7703125 0.0171875 0.04453125
0 0.35 0.75703125 0.01796875 0.04609375
0 0.35234375 0.7265625 0.0140625 0.03828125
0 0.3375 0.725 0.01328125 0.034375
0 0.3078125 0.7046875 0.01796875 0.0421875
0 0.32109375 0.6984375 0.0125 0.0421875
0 0.21484375 0.67265625 0.0203125 0.040625
0 0.18671875 0.68359375 0.02265625 0.04609375
0 0.1625 0.69296875 0.021875 0.0390625
0 0.1609375 0.58359375 0.01953125 0.03984375
0 0.1734375 0.5703125 0.01640625 0.0359375
0 0.33046875 0.6125 0.0125 0.034375
0 0.340625 0.61015625 0.01484375 0.0421875
0 0.34921875 0.61015625 0.01328125 0.04296875
0 0.3609375 0.6125 0.0125 0.03828125
0 0.37109375 0.6125 0.01171875 0.0390625
0 0.3515625 0.5734375 0.0125 0.0390625
0 0.3640625 0.5765625 0.0125 0.0359375
0 0.3625 0.56640625 0.0125 0.0390625
0 0.365625 0.5328125 0.009375 0.0296875
0 0.3796875 0.53828125 0.009375 0.03515625
0 0.44375 0.57265625 0.009375 0.03359375
0 0.4359375 0.56640625 0.01015625 0.03046875
0 0.41328125 0.5078125 0.0125 0.03359375
0 0.40625 0.50859375 0.0078125 0.03203125
0 0.43359375 0.4203125 0.009375 0.03046875
0 0.44609375 0.41640625 0.01015625 0.03046875
0 0.4546875 0.41875 0.0078125 0.03203125
0 0.4703125 0.3984375 0.00859375 0.02890625
0 0.47734375 0.35703125 0.00625 0.02578125
0 0.4828125 0.359375 0.00546875 0.02734375
0 0.4890625 0.36015625 0.0078125 0.025
0 0.57890625 0.46015625 0.00859375 0.03203125
0 0.57109375 0.45859375 0.01171875 0.0296875
0 0.63828125 0.39765625 0.00859375 0.02734375
0 0.6328125 0.39375 0.009375 0.02734375
0 0.57109375 0.35703125 0.01015625 0.02734375
0 0.58046875 0.359375 0.00625 0.02890625
0 0.61328125 0.3640625 0.00859375 0.0265625
0 0.6203125 0.36015625 0.00859375 0.0265625
0 0.62109375 0.33828125 0.00859375 0.025
0 0.609375 0.31171875 0.0078125 0.0234375
0 0.61796875 0.31171875 0.00625 0.025
0 0.628125 0.315625 0.00859375 0.02265625
0 0.63515625 0.31875 0.00703125 0.02578125
0 0.6828125 0.334375 0.009375 0.02734375
0 0.6875 0.33671875 0.01015625 0.02734375
0 0.69453125 0.29921875 0.0078125 0.02578125
0 0.70390625 0.29453125 0.00703125 0.01328125
0 0.73125 0.23046875 0.0078125 0.02109375
0 0.30078125 0.33046875 0.01171875 0.02109375
0 0.171875 0.415625 0.01640625 0.03515625