0 0.352390100809008 0.9195361621662339 0.0220477168225127 0.03045139183263217
0 0.35794520922026435 0.9045014392080759 0.022038626463433176 0.028888891832632168
0 0.33851395317014016 0.8879959854872117 0.018922716822512696 0.030342264427970278
0 0.358072474247379 0.8826264392080759 0.0220477168225127 0.03045139183263217
0 0.3581951940949539 0.8615326892080759 0.015779536104353474 0.027108137023308387
0 0.4525951547691466 0.7465401170682247 0.03612839754067192 0.03406746515360979
0 0.4417627147794093 0.5946055948357062 0.01737839754067192 0.03341270072563951
0 0.35279514266889817 0.7156571940173995 0.022038626463433176 0.02888889183263199
0 0.3395502541052166 0.7098709854872117 0.020476126463433175 0.028834328130301047
0 0.45653880796715923 0.47145827151472836 0.02528180113146803 0.0493105192372937
0 0.41224845248276915 0.43160708703115774 0.02054884933607006 0.041334328130301044
0 0.420065497662309 0.43055301851950356 0.020539758976990542 0.03977182813030104
0 0.30386378074160036 0.3994617643431522 0.02209316861791084 0.03826389183263199
0 0.3023376421779188 0.39326632804548306 0.02209316861791084 0.03826389183263199
0 0.46917165993550797 0.17967007559841236 0.023673849336070064 0.04144345553496285
0 0.49255916296057006 0.18744537006344958 0.022111349336070063 0.04138889183263199
0 0.5145154553114395 0.3069666963796521 0.023582945745273774 0.02581845553496285
0 0.5136614824388026 0.3194939782308176 0.018913626463433177 0.028779764427970277
0 0.35122563583320704 0.179883385124392 0.018904536104353477 0.02721726442797028
0 0.43946597921734876 0.18383178594269864 0.02209316861791084 0.03826389183263199
0 0.4298819009585175 0.22009666815668377 0.02366475897699054 0.03988095553496285
0 0.3268296238311545 0.21119787251052027 0.01894089754067192 0.03346726442797028
0 0.4401426900879331 0.2017732540915332 0.020485216822512697 0.030396828130301135
0 0.2905790273237548 0.1320113695152954 0.014189765027114642 0.02236607332097771
0 0.28826254840099363 0.12740571506879167 0.014198855386194253 0.023928573320977708
0 0.44684616628021984 0.39212543557987894 0.023682939695149584 0.04300595553496285
0 0.3433287181972548 0.8659572943802193 0.02050339754067192 0.0335218281303014