0 0.26319113631293495 0.5423805933720437 0.0896646778706093 0.05414315467854482
0 0.25404162939285274 0.5751021867043165 0.0628475098858317 0.047584072008272214
0 0.42589277167446776 0.6927816773949517 0.08822951186299802 0.05724997334499946
0 0.5011991777962471 0.7436816534054512 0.07703734387822045 0.05087270401018138
0 0.5071799223590399 0.7695447194064057 0.08516817885919252 0.058776110677908555
0 0.8344586412558508 0.525579280116131 0.09371550790866542 0.03857269867918127
0 0.8572157089366172 0.6000980221196308 0.08571200692008211 0.0337942920114541
0 0.850493523651634 0.6883429094525401 0.08603034190105419 0.04160679201145392
0 0.9042260187087182 0.7124167561266306 0.08603034190105419 0.0416067920114541
0 0.9296969095074583 0.8354275421307668 0.07502917490485998 0.03991702267663584
0 0.8953630132715109 0.7381070994589033 0.06396434091247087 0.036664753341817756
0 0.9430616615218058 0.4307036794636758 0.05864017095052709 0.020985209341181487