0 0.28854194313758963 0.6284061244919735 0.036032588382282335 0.023676517412854637
0 0.05980775620055538 0.9462055353915361 0.022088487552445364 0.02450203301668665
0 0.52919117654085 0.5846683333346865 0.040246491701630305 0.017672178878243728
0 0.5106877850443569 0.6953568498430298 0.027983290041956366 0.020142081637205676
0 0.19828656388815835 0.4845100395754075 0.03302598755244537 0.025075243102595124
0 0.2091406308998164 0.5158452487568045 0.026183991701630216 0.0169351944820761
0 0.21896591679258778 0.4888733129811558 0.026183991701630216 0.0169351944820761
0 0.22360587260144663 0.4995242079382017 0.026302390871793247 0.0184976944820761
0 0.8018008049650887 0.5299177990748042 0.021141294191141212 0.012002033016686653
0 0.6742678008159038 0.5288200457954438 0.030871491701630303 0.01718085594746519
0 0.8027121095291921 0.5384296619196745 0.030516294191141213 0.01249335594746519
0 0.6722675929324525 0.5141400701057034 0.027391294191141214 0.012329581637205678
0 0.5219663979207632 0.15628770579049509 0.03939438672260849 0.02696529172311406
0 0.5288909041445405 0.16759702001484636 0.03615098755244546 0.025239017412854548
0 0.5370110574638884 0.1733966406616327 0.03267079004195637 0.020387743102595036
0 0.5508367591235623 0.17578465626546494 0.03290758838228243 0.023512743102595036