0 0.5792545465080006 0.9108146094048148 0.05007559471009326 0.028688621339908592
0 0.5957224387143149 0.8048282387412238 0.05954159997176518 0.03036020934118149
0 0.6011240283039107 0.6830986894095874 0.05007559471009326 0.028688621339908772
0 0.6036637413310333 0.8205350547421784 0.04024556840173403 0.020767033338636054
0 0.59321135971865 0.8555458540738148 0.04575211575678075 0.034884077339272325
0 0.6086998518261423 0.8533839174092691 0.05025760523343692 0.031813621339908595
0 0.6127426097186499 0.8557731207431327 0.05374662628012441 0.038099984006999675
0 0.6494936388696066 0.6422833327498143 0.04896812101845249 0.03648294000636341
0 0.643016125715427 0.6383043574156325 0.05476309471009326 0.028743165340545218
0 0.6276949626035997 0.589721406747269 0.04989358418674961 0.02556362133990877
0 0.6686931469738759 0.42234355008749597 0.053928636803468065 0.04122498400699968
0 0.6738518128577136 0.3232520694223141 0.06835515785015538 0.04763861600890866