0 0.41171875 0.8875 0.01015625 0.03203125
0 0.41328125 0.82734375 0.0125 0.03046875
0 0.58515625 0.9203125 0.009375 0.0390625
0 0.59375 0.9203125 0.01171875 0.03515625
0 0.60234375 0.78515625 0.0125 0.034375
0 0.6125 0.76796875 0.01171875 0.03828125
0 0.41953125 0.74375 0.0125 0.0328125
0 0.4296875 0.58359375 0.0109375 0.0328125
0 0.43671875 0.571875 0.009375 0.03203125
0 0.4796875 0.02109375 0.00703125 0.02421875
0 0.48515625 0.021875 0.00625 0.01640625
0 0.496875 0.03046875 0.00390625 0.02265625
0 0.49765625 0.0265625 0.0078125 0.03046875
0 0.54453125 0.0546875 0.0046875 0.01796875
0 0.5546875 0.07265625 0.00859375 0.01796875
0 0.46484375 0.3515625 0.0078125 0.03828125
0 0.484375 0.3171875 0.00625 0.0203125
0 0.4703125 0.05703125 0.01015625 0.01484375
0 0.49140625 0.11484375 0.0046875 0.0265625
0 0.4953125 0.11484375 0.00546875 0.021875
0 0.60859375 0.18671875 0.0078125 0.01796875
0 0.59921875 0.33359375 0.0125 0.02265625
0 0.56484375 0.12578125 0.00703125 0.01796875
0 0.425 0.67421875 0.0109375 0.034375
0 0.42890625 0.66484375 0.00703125 0.03515625