0 0.53125 0.82734375 0.02578125 0.06640625
0 0.57265625 0.8578125 0.015625 0.0375
0 0.575 0.8078125 0.021875 0.04765625
0 0.559375 0.70546875 0.025 0.05078125
0 0.8296875 0.47734375 0.0296875 0.0609375
0 0.684375 0.54921875 0.0203125 0.0609375
0 0.634375 0.5203125 0.01484375 0.0484375
0 0.7375 0.384375 0.021875 0.0609375
0 0.74140625 0.35546875 0.0140625 0.034375
0 0.7484375 0.178125 0.0125 0.04921875
0 0.93046875 0.31953125 0.02421875 0.05078125
0 0.9109375 0.32421875 0.0171875 0.03515625
0 0.5734375 0.4171875 0.01875 0.05546875
0 0.3453125 0.45859375 0.01875 0.05625
0 0.35546875 0.45078125 0.01484375 0.04296875
0 0.20390625 0.36796875 0.02890625 0.0578125
0 0.21953125 0.3625 0.02109375 0.0421875
0 0.23359375 0.33671875 0.02890625 0.05234375
0 0.425 0.42890625 0.02265625 0.05390625
0 0.43828125 0.40078125 0.01484375 0.0390625
0 0.4390625 0.38125 0.01875 0.05625
0 0.034375 0.11328125 0.0203125 0.04375
0 0.5453125 0.12265625 0.0140625 0.04453125