0 0.18671875 0.8671875 0.01640625 0.021875
0 0.21796875 0.7109375 0.01484375 0.025
0 0.15625 0.78671875 0.01640625 0.02265625
0 0.11953125 0.975 0.0171875 0.0265625
0 0.1328125 0.86015625 0.01796875 0.01640625
0 0.11484375 0.85859375 0.01484375 0.02421875
0 0.06875 0.97109375 0.015625 0.0265625
0 0.0578125 0.94921875 0.01484375 0.025
0 0.05 0.83515625 0.01796875 0.025
0 0.0671875 0.796875 0.0140625 0.025
0 0.8625 0.82109375 0.0171875 0.03046875
0 0.2828125 0.44140625 0.01328125 0.025
0 0.303125 0.2796875 0.0078125 0.03203125
0 0.30859375 0.11015625 0.00859375 0.02890625
0 0.30078125 0.115625 0.00625 0.0203125
0 0.2890625 0.11796875 0.0078125 0.028125
0 0.1296875 0.0453125 0.0046875 0.01796875
0 0.128125 0.0390625 0.0046875 0.0203125
0 0.28125 0.1203125 0.00703125 0.025
0 0.30390625 0.2703125 0.00546875 0.025
0 0.28203125 0.434375 0.00546875 0.0125
0 0.04609375 0.934375 0.0125 0.02265625
0 0.72890625 0.20078125 0.00859375 0.0328125
0 0.7734375 0.525 0.0125 0.03671875
0 0.7859375 0.52421875 0.01015625 0.040625
0 0.79453125 0.53359375 0.01171875 0.0390625