0 0.3149074463321185 0.48681091108208924 0.06606141109416672 0.021806533498445902
0 0.33155008567479205 0.4977312944567007 0.09109777868534721 0.024533427212139712
0 0.39602950655260455 0.4515690779551468 0.06922277868534721 0.023514582712657627
0 0.3881981695466323 0.4168665922231704 0.0864102786853473 0.024315103390822122
0 0.36110899268489616 0.4265305365988179 0.053379573138263935 0.013411836641599173
0 0.3970828602760767 0.42976685256225267 0.06925914627652778 0.025077082712657628
0 0.6304746288934377 0.3313808182352371 0.0251454703647223 0.007414393713693723
0 0.6312188580918752 0.29629734284234294 0.023546602773541637 0.00577911910658786
0 0.6617980172861808 0.3695186730738013 0.01726023518236115 0.003925520678164407
0 0.6601121499793408 0.5653213246453779 0.015843205547083274 0.010102746071058632
0 0.6598582300514588 0.5879411873418249 0.02351023518236115 0.004216619106587771
0 0.6509748457427783 0.6421556523956369 0.025181837955902786 0.008976893713693812
0 0.6634748457427783 0.6427378492524838 0.021984102773541635 0.005706344499482085
0 0.5423245847248616 0.5340819791124385 0.02688980832062491 0.015299668320799497
0 0.6787212520872923 0.7948461588057777 0.02194773518236115 0.004143844499482086