0 0.4296875 0.86640625 0.0109375 0.034375
0 0.54296875 0.92734375 0.00859375 0.03671875
0 0.5484375 0.940625 0.01015625 0.0421875
0 0.440625 0.44765625 0.00859375 0.0421875
0 0.46796875 0.3109375 0.009375 0.03515625
0 0.4765625 0.26953125 0.00859375 0.034375
0 0.62421875 0.7 0.01015625 0.03203125
0 0.625 0.71796875 0.00703125 0.02890625
0 0.78359375 0.91796875 0.0125 0.02890625
0 0.79453125 0.9140625 0.0140625 0.03828125
0 0.56484375 0.41640625 0.00703125 0.03515625
0 0.57109375 0.4140625 0.00859375 0.03515625
0 0.67890625 0.25703125 0.00859375 0.034375
0 0.696875 0.278125 0.0078125 0.0328125
0 0.50859375 0.2421875 0.00859375 0.028125
0 0.49609375 0.2515625 0.01015625 0.03203125
0 0.4890625 0.14765625 0.01015625 0.021875
0 0.4625 0.10859375 0.00546875 0.02890625
0 0.475 0.09921875 0.00859375 0.0328125
0 0.44765625 0.05703125 0.00703125 0.0328125
0 0.48671875 0.06953125 0.00859375 0.025
0 0.5609375 0.05 0.0078125 0.01875