0 0.9617532148444148 0.5756683642185377 0.04505994292790518 0.029907675893442943
0 0.9946426817602536 0.6902866211386198 0.010714636479492867 0.01801517095052709
0 0.8425024088057776 0.6940125045229865 0.038955492142117264 0.03277800790866543
0 0.8817704241072587 0.7837262619373602 0.02914384449948173 0.02302100593149916
0 0.9052079241072587 0.7846812668802761 0.02721747146395259 0.015144838935304605
0 0.5667939334128835 0.6843377796946764 0.04320634449948209 0.023594008897248563
0 0.5716440992524838 0.6712793641813566 0.03993579528527036 0.02034167490485981
0 0.612228403843379 0.6050932900747996 0.030488020678164317 0.018397172927693363
0 0.6310147911469318 0.6066385440291323 0.024092471463952592 0.015017504942915849
0 0.7373139869703215 0.5283145672608369 0.024165246071058633 0.01658000494291585
0 0.7241418988809802 0.5301171477931845 0.024165246071058633 0.01658000494291585
0 0.5641611232404171 0.42690728167184266 0.03993579528527036 0.02034167490485981
0 0.5169222502048878 0.4171847717860109 0.04149829528527036 0.020405341901054187
0 0.46729689350429676 0.5906103429268184 0.024892992142117088 0.03220500494291585
0 0.6625495432138464 0.7981867154739509 0.044696069892376046 0.022095175893442943
0 0.6657280471427879 0.782720882964437 0.04000856989237622 0.021904174904859807
0 0.908761071335609 0.94467834938979 0.032487168320799495 0.02783583992388756
0 0.9237139832462677 0.9476269358536367 0.024165246071058633 0.01658000494291585
0 0.6910234536767632 0.8570497209111585 0.04022689371369381 0.02659167490485963
0 0.5012822876322752 0.46645260132977534 0.02238442224974104 0.01182883794672147
0 0.49219838606069866 0.472320599352609 0.03041524607105863 0.01683467292769336
0 0.4755010376322752 0.4654020958925679 0.030342471463952768 0.015272172927693362
0 0.4791889638109577 0.46087376338305386 0.03659247146395259 0.015526840912471052
0 0.38653489102309735 0.5475514096190016 0.024238020678164406 0.01814250494291585
0 0.25386578618453315 0.5117346319386727 0.021622442927905362 0.028952670950527094
0 0.24289189888098023 0.5105077129653119 0.024019696856846906 0.01345500494291585
0 0.4455374017764644 0.40803792345916606 0.03034247146395259 0.015272172927693362
0 0.4361260144729114 0.4068746714819998 0.033540246071058634 0.01696200692008216
0 0.25385716997342944 0.3776142999234503 0.03993579528527027 0.02034167490485981
0 0.12107686496824946 0.5905387697716635 0.03346747146395272 0.015399506920082295
0 0.1196963014860141 0.5943813527754691 0.03502997146395268 0.015463173916276673
0 0.06104689350429674 0.5740569239162767 0.03339469685684686 0.013837006920082117
0 0.05732258002206138 0.5778040064257907 0.03339469685684686 0.013837006920082296
0 0.15118593424145305 0.3664128616727177 0.033540246071058585 0.016962006920082207
0 0.05961701840185285 0.37593775889724856 0.03666524607105857 0.01708934091247105
0 0.06061659222317042 0.38065709239534573 0.030342471463952726 0.01527217292769345
0 0.052714200990676065 0.39515067391627656 0.023946922249740998 0.01189250494291585
0 0.1569351282028158 0.48985036167271767 0.022384422249741 0.01182883794672147
0 0.13928524772368842 0.36202910920125975 0.030269696856846863 0.01370967292769345
0 0.31871169023730905 0.5479068952845456 0.023946922249741043 0.01189250494291585