0 0.6747533297708205 0.40034037252826443 0.03956260517284953 0.01809668977951393
0 0.5206748981923628 0.21459962822784764 0.05559678213245363 0.0325228656913195
0 0.550815724597971 0.41465483282500043 0.045858069279472245 0.019804660144236052
0 0.5232339453685112 0.3147269147969796 0.05559678213245363 0.0325228656913195
0 0.46227371331519984 0.3140898287409379 0.060238818025830906 0.03106946846486114
0 0.4089608452102267 0.37304594823197956 0.06662521034569902 0.03590243882958344
0 0.44097772334432966 0.40115341764677115 0.06336381802583091 0.03114220364722229
0 0.49642740446056893 0.2687597981557296 0.044568353919208194 0.029143292553055568
0 0.48106081723440813 0.2863830560395143 0.04773881802583091 0.030778527735416717
0 0.3832561515575751 0.3966828167730906 0.044704746239076255 0.033830792553055565
0 0.5657922037482883 0.5447787439191671 0.03487510517284953 0.017987587005972295
0 0.5770024883880245 0.535658317057431 0.02550010517284953 0.017769381458888844
0 0.5764174666804122 0.5020281994662505 0.03492056927947225 0.019550087005972293
0 0.5629149078257812 0.4555889573500352 0.04286946159934022 0.02441942496187508
0 0.5223808360390266 0.45151839997934073 0.0521989974927175 0.023075130508958354
0 0.4973186515575751 0.39933765092927126 0.058767246239076344 0.03415810087368065
0 0.5052495088419956 0.5566598416587156 0.06322742570596293 0.02645470364722229
0 0.5065990601747792 0.537146775454306 0.052289925705962935 0.026200130508958353
0 0.4471271202830513 0.5928324245806254 0.053716033386094965 0.021548998100139015
0 0.35262461401484513 0.535908317723021 0.07590928213245363 0.03299564437666689
0 0.41438046793405336 0.5092016537790629 0.07783549498543504 0.045532011967847195
0 0.4698826586837111 0.6168154384483338 0.053852425705962936 0.026236498100139016
0 0.4946409662847008 0.6525717537028128 0.04916492570596294 0.02612739532659738
0 0.46684388987909264 0.45257110049243093 0.050954746239076344 0.03397626291777769
0 0.5260992179340533 0.5118019365484727 0.058767246239076344 0.03415810087368065
0 0.3785171757724699 0.4520788315907295 0.0648808539192082 0.02961607123840295
0 0.5148230856433151 0.6037894147969796 0.0443864974927175 0.022893292553055566
0 0.41637121377741826 0.6288601903481947 0.06345474623907635 0.034267203647222286
0 0.5607624082879996 0.7713776115103477 0.042914925705962934 0.02598192496187508
0 0.5369157313283954 0.7848945976426394 0.04273306927947225 0.01973192496187508
0 0.5508274671426305 0.8172713397588545 0.03956260517284953 0.01809668977951375
0 0.5325632004495832 0.8270093624602783 0.052380853919208194 0.029325130508958352
0 0.2757221670634883 0.8413575775066668 0.06653428213245363 0.032777438829583616
0 0.28702337991646976 0.8291121506449308 0.07296613855894432 0.039172909194305564