0 0.5671875 0.796875 0.02734375 0.06640625
0 0.59609375 0.8125 0.0203125 0.0625
0 0.50234375 0.78203125 0.03359375 0.05546875
0 0.57734375 0.7125 0.0125 0.053125
0 0.56640625 0.6421875 0.0203125 0.04453125
0 0.61015625 0.640625 0.01640625 0.04296875
0 0.6421875 0.671875 0.01484375 0.04453125
0 0.70703125 0.6921875 0.0296875 0.06796875
0 0.71015625 0.70703125 0.021875 0.03828125
0 0.68359375 0.66953125 0.01875 0.03828125
0 0.7046875 0.64453125 0.0140625 0.040625
0 0.72421875 0.6609375 0.025 0.0296875
0 0.62265625 0.61484375 0.04140625 0.0375
0 0.6296875 0.60078125 0.0125 0.0265625
0 0.63203125 0.58125 0.01328125 0.03203125
0 0.67734375 0.571875 0.0125 0.05390625
0 0.69296875 0.5578125 0.02265625 0.0390625
0 0.6796875 0.54765625 0.0125 0.03828125
0 0.6671875 0.5390625 0.0140625 0.03671875
0 0.6421875 0.528125 0.0125 0.03203125
0 0.65546875 0.52578125 0.01640625 0.034375
0 0.640625 0.48359375 0.01328125 0.03515625
0 0.72421875 0.54296875 0.01875 0.04453125
0 0.678125 0.490625 0.0109375 0.034375
0 0.684375 0.4875 0.009375 0.040625
0 0.6359375 0.4484375 0.01171875 0.02421875
0 0.646875 0.43828125 0.0109375 0.02109375
0 0.66484375 0.4625 0.021875 0.01953125
0 0.6671875 0.45859375 0.01640625 0.04140625
0 0.659375 0.45703125 0.01015625 0.03359375
0 0.68046875 0.46328125 0.01015625 0.0328125
0 0.459375 0.74921875 0.02890625 0.03359375
0 0.5046875 0.76328125 0.03203125 0.05390625
0 0.37578125 0.74921875 0.02421875 0.0515625
0 0.3953125 0.75546875 0.02265625 0.0578125
0 0.39921875 0.73359375 0.0140625 0.06171875
0 0.45625 0.69375 0.01796875 0.05546875
0 0.4015625 0.6359375 0.021875 0.0390625
0 0.35234375 0.64609375 0.0140625 0.0421875
0 0.33359375 0.59765625 0.01796875 0.03828125
0 0.40859375 0.6140625 0.0171875 0.04140625
0 0.3203125 0.56015625 0.0265625 0.0328125
0 0.25859375 0.628125 0.01640625 0.0453125
0 0.26171875 0.6125 0.03359375 0.01640625
0 0.22734375 0.6140625 0.02265625 0.0375
0 0.2921875 0.53046875 0.02421875 0.03671875
0 0.2625 0.521875 0.01484375 0.03046875
0 0.23828125 0.490625 0.02578125 0.03828125
0 0.253125 0.47578125 0.0078125 0.03359375
0 0.24296875 0.47109375 0.00703125 0.03671875
0 0.30390625 0.434375 0.03125 0.0203125
0 0.26171875 0.4 0.02421875 0.0140625
0 0.2109375 0.41953125 0.02578125 0.02421875
0 0.35390625 0.42734375 0.01953125 0.02265625
0 0.39140625 0.45390625 0.009375 0.034375
0 0.29921875 0.39375 0.009375 0.0296875
0 0.3515625 0.396875 0.0109375 0.02421875
0 0.378125 0.39140625 0.0078125 0.0296875
0 0.4171875 0.4109375 0.021875 0.01796875
0 0.40859375 0.40703125 0.02265625 0.0125
0 0.45859375 0.421875 0.0109375 0.0328125
0 0.4859375 0.44453125 0.0140625 0.028125
0 0.52890625 0.41640625 0.01015625 0.03046875
0 0.559375 0.39921875 0.01015625 0.02890625
0 0.5765625 0.35 0.0109375 0.0296875
0 0.55546875 0.34765625 0.00625 0.0265625
0 0.54921875 0.346875 0.00625 0.0203125
0 0.5453125 0.34296875 0.00703125 0.0171875
0 0.5359375 0.33359375 0.00625 0.02578125
0 0.53125 0.33515625 0.00546875 0.01640625
0 0.48203125 0.35078125 0.00625 0.02578125
0 0.46796875 0.35234375 0.01953125 0.02578125
0 0.4703125 0.371875 0.00703125 0.021875
0 0.49296875 0.425 0.009375 0.021875
0 0.5 0.43046875 0.0109375 0.03203125
0 0.54375 0.46328125 0.01640625 0.0265625
0 0.571875 0.54140625 0.03046875 0.02578125
0 0.4140625 0.5265625 0.03046875 0.0203125
0 0.48125 0.5953125 0.0328125 0.025
0 0.396875 0.50078125 0.02890625 0.0265625
0 0.38984375 0.928125 0.04453125 0.05078125
0 0.36796875 0.940625 0.02734375 0.06640625
0 0.3140625 0.97109375 0.034375 0.0578125
0 0.32734375 0.34375 0.0109375 0.0265625
0 0.44453125 0.4484375 0.0125 0.0328125
0 0.43671875 0.446875 0.02578125 0.02265625
0 0.47265625 0.53828125 0.01484375 0.0375
0 0.50546875 0.5453125 0.0140625 0.03203125
0 0.496875 0.5578125 0.01875 0.03515625
0 0.490625 0.57734375 0.0125 0.028125
0 0.45859375 0.6078125 0.01484375 0.0390625
0 0.51484375 0.60390625 0.0140625 0.03359375
0 0.47890625 0.63984375 0.0203125 0.03671875
0 0.490625 0.6359375 0.01015625 0.0390625
0 0.5046875 0.66640625 0.03125 0.04296875
0 0.5171875 0.66171875 0.0171875 0.0453125
0 0.43828125 0.54921875 0.01171875 0.02890625
0 0.43046875 0.54375 0.01015625 0.028125
0 0.453125 0.52265625 0.0171875 0.0125
0 0.46328125 0.53046875 0.0109375 0.02890625
0 0.48359375 0.503125 0.01015625 0.0328125
0 0.48984375 0.49609375 0.00703125 0.0328125
0 0.41640625 0.4796875 0.01015625 0.03359375
0 0.409375 0.484375 0.021875 0.02578125
0 0.40234375 0.47890625 0.009375 0.02265625
0 0.30703125 0.2828125 0.0125 0.0390625
0 0.34765625 0.2625 0.0078125 0.03515625
0 0.35390625 0.2515625 0.01015625 0.0296875
0 0.33671875 0.24296875 0.01328125 0.02421875
0 0.3734375 0.23515625 0.00546875 0.02109375
0 0.353125 0.240625 0.0109375 0.02421875
0 0.48515625 0.13671875 0.00703125 0.02421875
0 0.1328125 0.29921875 0.0109375 0.0421875
0 0.13984375 0.309375 0.00703125 0.0328125
0 0.16484375 0.28828125 0.009375 0.0328125
0 0.27109375 0.28359375 0.01171875 0.0375
0 0.25625 0.278125 0.01015625 0.03203125
0 0.2625 0.271875 0.01015625 0.03203125
0 0.30390625 0.2359375 0.00859375 0.021875
0 0.22578125 0.203125 0.00859375 0.03046875
0 0.21796875 0.1984375 0.00859375 0.03203125
0 0.1984375 0.21328125 0.00703125 0.0328125
0 0.1953125 0.27578125 0.0078125 0.02890625
0 0.1984375 0.303125 0.0140625 0.0296875
0 0.05625 0.27890625 0.01171875 0.03671875
0 0.01484375 0.29921875 0.01484375 0.03671875
0 0.01484375 0.278125 0.0078125 0.0265625
0 0.0234375 0.3265625 0.0125 0.02890625
0 0.01328125 0.2734375 0.00703125 0.03046875
0 0.54296875 0.52109375 0.01328125 0.03671875
0 0.6390625 0.403125 0.0140625 0.02890625
0 0.61484375 0.3703125 0.0109375 0.0375
0 0.765625 0.69609375 0.05078125 0.03828125
0 0.825 0.6546875 0.021875 0.0296875
0 0.8671875 0.61015625 0.03203125 0.0296875
0 0.7875 0.515625 0.01484375 0.0375
0 0.775 0.44921875 0.0140625 0.0421875
0 0.73671875 0.4359375 0.01171875 0.040625
0 0.73984375 0.49453125 0.03125 0.02890625
0 0.77265625 0.5828125 0.02109375 0.0296875
0 0.74921875 0.57421875 0.015625 0.0296875
0 0.81015625 0.54375 0.01640625 0.0390625
0 0.8453125 0.44765625 0.01875 0.04140625
0 0.8296875 0.45625 0.0140625 0.0375
0 0.8109375 0.446875 0.0171875 0.03671875
0 0.80703125 0.4203125 0.0140625 0.03828125
0 0.79453125 0.41328125 0.009375 0.03515625
0 0.825 0.390625 0.02578125 0.01953125
0 0.7890625 0.38046875 0.03046875 0.0125
0 0.7625 0.34140625 0.01015625 0.03203125
0 0.77109375 0.35078125 0.0046875 0.02421875
0 0.753125 0.340625 0.01015625 0.03046875
0 0.725 0.334375 0.00859375 0.03203125
0 0.7171875 0.33125 0.0078125 0.028125
0 0.68203125 0.34375 0.0140625 0.0265625
0 0.6953125 0.384375 0.00859375 0.03515625
0 0.684375 0.38671875 0.009375 0.0328125
0 0.68203125 0.1875 0.00546875 0.0265625
0 0.67734375 0.184375 0.00546875 0.0265625
0 0.66015625 0.1765625 0.00703125 0.03046875
0 0.65390625 0.17421875 0.00625 0.02578125
0 0.6421875 0.18359375 0.01171875 0.028125
0 0.6453125 0.17578125 0.0046875 0.02890625
0 0.71953125 0.21953125 0.015625 0.01640625
0 0.715625 0.21796875 0.009375 0.015625
0 0.7 0.22109375 0.0140625 0.0171875
0 0.6875 0.215625 0.01015625 0.01328125
0 0.68125 0.2046875 0.01640625 0.0140625
0 0.68828125 0.209375 0.0171875 0.01171875
0 0.69296875 0.1625 0.00625 0.02421875
0 0.6125 0.140625 0.0109375 0.021875
0 0.60078125 0.13984375 0.00859375 0.02421875
0 0.57890625 0.12265625 0.00703125 0.01953125
0 0.5890625 0.1203125 0.0046875 0.0203125
0 0.628125 0.12734375 0.00546875 0.02265625
0 0.64453125 0.14609375 0.00546875 0.0203125
0 0.73046875 0.246875 0.0078125 0.015625
0 0.7078125 0.246875 0.0046875 0.0109375
0 0.7015625 0.30390625 0.009375 0.0328125
0 0.65859375 0.2609375 0.0109375 0.028125
0 0.59609375 0.26171875 0.01015625 0.025
0 0.58984375 0.25234375 0.00703125 0.025
0 0.58359375 0.325 0.0140625 0.0265625
0 0.61875 0.27421875 0.0046875 0.0140625
0 0.71640625 0.390625 0.01015625 0.02890625
0 0.72890625 0.39921875 0.0109375 0.03671875
0 0.73671875 0.3578125 0.01015625 0.028125
0 0.74296875 0.35 0.0109375 0.03203125
0 0.79609375 0.32265625 0.01953125 0.03046875
0 0.72578125 0.465625 0.01171875 0.02578125
0 0.70390625 0.41484375 0.01171875 0.0265625
0 0.871875 0.8203125 0.0171875 0.06171875
0 0.8609375 0.7765625 0.02421875 0.03828125
0 0.9078125 0.784375 0.0265625 0.03359375
0 0.93828125 0.80625 0.05078125 0.0546875
0 0.984375 0.71640625 0.03125 0.05859375
0 0.98359375 0.640625 0.02734375 0.028125
0 0.91640625 0.64375 0.02265625 0.046875
0 0.95078125 0.578125 0.01640625 0.04453125
0 0.9171875 0.52734375 0.01953125 0.046875
0 0.88046875 0.5015625 0.0140625 0.034375
0 0.85390625 0.47890625 0.02109375 0.03828125
0 0.909375 0.46328125 0.01484375 0.0375
0 0.965625 0.47421875 0.01640625 0.04296875
0 0.96015625 0.42734375 0.05234375 0.01796875
0 0.89296875 0.38046875 0.015625 0.03359375
0 0.8984375 0.35625 0.01640625 0.02421875
0 0.88671875 0.3515625 0.01328125 0.03515625
0 0.88671875 0.36875 0.009375 0.02265625
0 0.90859375 0.3703125 0.02109375 0.0140625
0 0.93203125 0.37578125 0.015625 0.03515625
0 0.92578125 0.3671875 0.021875 0.0390625
0 0.9453125 0.37265625 0.01484375 0.03671875
0 0.9609375 0.35703125 0.0140625 0.0421875
0 0.94375 0.3453125 0.015625 0.021875
0 0.928125 0.34140625 0.01015625 0.01953125
0 0.921875 0.30390625 0.0140625 0.03515625
0 0.9140625 0.32265625 0.01640625 0.03046875
0 0.9609375 0.3109375 0.0109375 0.03046875
0 0.95625 0.32734375 0.01484375 0.025
0 0.9625 0.33046875 0.00859375 0.02265625
0 0.98359375 0.340625 0.01484375 0.0328125
0 0.978125 0.39375 0.0109375 0.01953125
0 0.990625 0.38046875 0.009375 0.0140625
0 0.9328125 0.40390625 0.0140625 0.015625
0 0.96796875 0.290625 0.01328125 0.03046875
0 0.95546875 0.2921875 0.009375 0.02578125
0 0.96640625 0.26953125 0.01015625 0.03046875
0 0.9203125 0.2546875 0.00859375 0.021875
0 0.89765625 0.28671875 0.009375 0.034375
0 0.85703125 0.2625 0.00859375 0.0203125
0 0.86484375 0.22734375 0.0109375 0.03359375
0 0.80703125 0.27734375 0.0125 0.03046875
0 0.79765625 0.27421875 0.01328125 0.02890625
0 0.79375 0.27109375 0.01015625 0.028125
0 0.7890625 0.26875 0.00703125 0.0265625
0 0.79375 0.2453125 0.00703125 0.01953125
0 0.7734375 0.2328125 0.009375 0.03203125
0 0.76640625 0.2828125 0.01015625 0.02890625
0 0.825 0.22890625 0.00546875 0.01796875
0 0.68125 0.271875 0.01015625 0.015625
0 0.7125 0.26171875 0.00859375 0.015625
0 0.53046875 0.2640625 0.00703125 0.021875
0 0.534375 0.25 0.009375 0.0203125
0 0.5578125 0.24453125 0.00546875 0.0203125
0 0.53046875 0.2984375 0.00546875 0.02265625
0 0.52265625 0.3015625 0.00703125 0.02421875
0 0.53984375 0.3625 0.00859375 0.02265625
0 0.521875 0.39453125 0.009375 0.03046875
0 0.475 0.39765625 0.0140625 0.0203125
0 0.50078125 0.3859375 0.0078125 0.028125
0 0.45546875 0.1609375 0.00625 0.02265625
0 0.65703125 0.740625 0.05078125 0.03828125
0 0.63828125 0.75703125 0.04140625 0.0515625
0 0.59609375 0.75703125 0.021875 0.03515625
0 0.60234375 0.7515625 0.01796875 0.0546875
0 0.5515625 0.89453125 0.028125 0.05625
0 0.84453125 0.9671875 0.03046875 0.059375
0 0.865625 0.97109375 0.02734375 0.05078125
0 0.9125 0.97890625 0.0234375 0.0421875
0 0.7984375 0.8765625 0.04375 0.04296875
0 0.775 0.88046875 0.021875 0.04921875
0 0.7984375 0.78515625 0.03984375 0.0546875
0 0.79921875 0.76875 0.02109375 0.03828125
0 0.83515625 0.7046875 0.02421875 0.04921875
0 0.86171875 0.6921875 0.01875 0.0390625
0 0.97421875 0.58984375 0.02578125 0.03515625
0 0.94921875 0.5328125 0.0203125 0.0390625
0 0.971875 0.50703125 0.02890625 0.02109375
0 0.9328125 0.47578125 0.01796875 0.03515625
0 0.95 0.46796875 0.01796875 0.0328125
0 0.91640625 0.1671875 0.009375 0.025
0 0.9296875 0.1765625 0.015625 0.02265625
0 0.9828125 0.1875 0.00859375 0.021875
0 0.95859375 0.18984375 0.01015625 0.0265625
0 0.96328125 0.190625 0.009375 0.02890625
0 0.99453125 0.18671875 0.0109375 0.0296875
0 0.98203125 0.18125 0.01015625 0.02578125
0 0.984375 0.16328125 0.009375 0.0265625
0 0.83359375 0.5625 0.02265625 0.03203125
0 0.7546875 0.625 0.01953125 0.046875
0 0.821875 0.31015625 0.0109375 0.0328125
0 0.83828125 0.35 0.01171875 0.021875
0 0.41328125 0.33515625 0.01171875 0.02578125
0 0.33984375 0.35 0.0140625 0.02109375
0 0.35234375 0.37109375 0.0109375 0.0265625
0 0.81015625 0.58046875 0.01875 0.02890625
0 0.8265625 0.5953125 0.01875 0.02421875
0 0.58984375 0.2171875 0.00703125 0.02109375