0 0.768304400647391 0.5353768118478058 0.0284725098858317 0.04904327787978709
0 0.735954815666419 0.5405746238162978 0.036412343878220454 0.05280600666795969
0 0.328656968822449 0.5716027725889532 0.02528384288963732 0.047225686364518
0 0.31097472030532375 0.563104746376156 0.02397601087441492 0.05334814060688355
0 0.3455739188989987 0.8104898004687403 0.036667011862998145 0.059056006667959696
0 0.138335716350991 0.5678247130363572 0.030035009885831743 0.049170823637421535
0 0.13421856072350313 0.514970780005819 0.025092841901054187 0.042538186364518005
0 0.5065524530422992 0.2647463500193966 0.02027800790866543 0.03903054909161448
0 0.49258545353659083 0.26125468820068587 0.02027800790866543 0.03903054909161448
0 0.4762747040308824 0.25757170774552324 0.02684634288963732 0.04735323212215263
0 0.6679873601526619 0.3233873816922056 0.03172484387822046 0.052423369395056166
0 0.6886672746773983 0.33526549942027184 0.0331600098858317 0.0494259151526907
0 0.7303772722059404 0.3504279848764043 0.03153384288963732 0.04773586939505616
0 0.6771580661978917 0.13679617744984013 0.02241351087441501 0.05322059484924897
0 0.660034233194086 0.13383067411586028 0.0284725098858317 0.04904327787978709
0 0.6002918186693496 0.11876391244693063 0.031597509885831696 0.04929836939505616