0 0.1203125 0.4765625 0.05 0.1203125
0 0.21328125 0.36015625 0.034375 0.07421875
0 0.33671875 0.31875 0.0171875 0.05546875
0 0.3765625 0.33125 0.03125 0.08125
0 0.415625 0.33671875 0.0265625 0.0734375
0 0.4578125 0.303125 0.02109375 0.06953125
0 0.49765625 0.5078125 0.03671875 0.140625
0 0.53046875 0.36640625 0.03515625 0.06015625
0 0.4875 0.40234375 0.0296875 0.1
0 0.47421875 0.3921875 0.0296875 0.090625
0 0.14453125 0.46015625 0.053125 0.125
0 0.28671875 0.58828125 0.0671875 0.15078125
0 0.31796875 0.5953125 0.0390625 0.1234375
0 0.0234375 0.51640625 0.04609375 0.1359375
0 0.06640625 0.6609375 0.0671875 0.15625
0 0.24375 0.65546875 0.0625 0.178125
0 0.3328125 0.68046875 0.05078125 0.1515625
0 0.41953125 0.66640625 0.059375 0.1578125
0 0.53671875 0.6671875 0.0484375 0.159375
0 0.65859375 0.64296875 0.0546875 0.16015625
0 0.70390625 0.6796875 0.0484375 0.159375
0 0.7984375 0.6640625 0.0515625 0.1734375
0 0.86484375 0.65859375 0.06953125 0.17265625
0 0.92109375 0.6640625 0.0484375 0.13984375
0 0.9734375 0.646875 0.053125 0.1875
0 0.95625 0.91640625 0.04609375 0.1234375
0 0.93828125 0.38203125 0.04921875 0.084375
0 0.69140625 0.36953125 0.03671875 0.07421875
0 0.665625 0.36875 0.03984375 0.06171875
0 0.72578125 0.3484375 0.02890625 0.05390625
0 0.46171875 0.271875 0.01171875 0.05234375
0 0.0359375 0.49609375 0.0359375 0.08828125
0 0.24375 0.59453125 0.03828125 0.084375