0 0.1734375 0.37734375 0.01875 0.0453125
0 0.1640625 0.375 0.009375 0.0140625
0 0.3515625 0.51015625 0.01875 0.02578125
0 0.39296875 0.59921875 0.01328125 0.01796875
0 0.38046875 0.59609375 0.01640625 0.046875
0 0.3796875 0.47421875 0.015625 0.04453125
0 0.37890625 0.4484375 0.0078125 0.021875
0 0.3828125 0.43828125 0.01875 0.03125
0 0.38828125 0.484375 0.01484375 0.0453125
0 0.4015625 0.4734375 0.009375 0.02265625
0 0.41015625 0.56171875 0.01484375 0.05234375
0 0.42890625 0.56171875 0.00625 0.025
0 0.43828125 0.52734375 0.01171875 0.05234375
0 0.45546875 0.4515625 0.01328125 0.0453125
0 0.45 0.4453125 0.01171875 0.02578125
0 0.4625 0.55546875 0.0125 0.0203125
0 0.4671875 0.53515625 0.01796875 0.028125
0 0.478125 0.55625 0.01484375 0.0296875
0 0.503125 0.6078125 0.01171875 0.0171875
0 0.52578125 0.5953125 0.0078125 0.021875
0 0.521875 0.61640625 0.00859375 0.01640625
0 0.5046875 0.61328125 0.01328125 0.04921875
0 0.51875 0.62890625 0.01328125 0.03515625
0 0.52265625 0.6 0.0140625 0.04296875