0 0.7008369412164821 0.12450603409449565 0.03839133794672147 0.02231135200509069
0 0.6066133918245045 0.2842708380808145 0.04464133794672147 0.0223840773392725
0 0.5574384041817941 0.34226460407381476 0.048148339923887916 0.03179544000636332
0 0.6883395301889679 0.5460355887571322 0.046331171939110224 0.025527258672817865
0 0.7316000988583174 0.47704068809672284 0.04295150395433271 0.01924089600572696
0 0.679988519314553 0.4944003634229504 0.0497745069200823 0.03337612133990877
0 0.3043531438388519 0.6852493460375437 0.0497745069200823 0.03337612133990877
0 0.2858604704168669 0.6530181013685439 0.0482120069200823 0.033357940006363405
0 0.22078195707099404 0.589009598026726 0.04014483893530461 0.027017033338636053
0 0.2210419422422464 0.5187334606938169 0.03714717292769345 0.030105670671545327
0 0.20578169817374542 0.5466675566915897 0.04170733893530469 0.027035214672181597
0 0.2067048696185641 0.5693238066915898 0.04183467292769345 0.030160214672181596
0 0.2472662026223697 0.5682340213637713 0.045150673916276585 0.034884077339272325
0 0.25118969866803703 0.5495385653644076 0.04177100593149898 0.028597714672181595