0 0.15043066556640988 0.26460788708777755 0.0622883576783142 0.0846087373233333
0 0.24204948050347547 0.2446849492933329 0.058571361827499134 0.07652283524981467
0 0.167512344405567 0.3056819464186108 0.046805067636357923 0.06462842799249993
0 0.09628946245684342 0.3592081961357869 0.053647063487173054 0.07298773213953691
0 0.3210140074731772 0.2011488542415735 0.03371307178554286 0.05572231969842587
0 0.18659699897431475 0.48584790004726824 0.07393625269929238 0.09494064458064795
0 0.21765866744050966 0.5475468176721756 0.0709296518694554 0.0962297425071295
0 0.2951576280232533 0.6280538153631013 0.06756785352912935 0.09283134043361105
0 0.34709679109086344 0.5146351557967124 0.06721265601864027 0.08814384043361087
0 0.4107080825827123 0.44259335193249927 0.05639355518880329 0.08874943317629622
0 0.5738089659813284 0.3008726180495359 0.04678175684847723 0.0848042269557407
0 0.36367510415382925 0.21108978223407343 0.0529133576783142 0.08378853110277769
0 0.3795844466852965 0.2264509420832863 0.043538357678314196 0.0829683248822221
0 0.3837974273892646 0.16939029778546227 0.04368006763635792 0.06435502591898139
0 0.4545234018694554 0.1297898470315269 0.03840057178554286 0.05613242280870363
0 0.6359528458554595 0.2504324121118044 0.04654495850815117 0.0816792269557407
0 0.7357528589277141 0.32823407483573935 0.04966995850815117 0.08195262902925915
0 0.6822978174358653 0.4011644354388876 0.0540973493799445 0.09941353110277765
0 0.6438408139113803 0.4979130048544896 0.04701855518880329 0.08792922695574071
0 0.5191312761445092 0.18355868746513793 0.03657796265733602 0.07304652073518514
0 0.5194766634918174 0.30077558176296204 0.05518625269929238 0.0933002321395369
0 0.44309083963168217 0.24520023355365658 0.05736405933798814 0.08107363421305544
0 0.3747678147365729 0.28578698586273077 0.05303175684847723 0.08535103110277768
0 0.3048473236596426 0.35650073557990686 0.06276195435896632 0.0908587373233332
0 0.21805864129600053 0.4094412249294904 0.04701855518880329 0.08792922695574071
0 0.11717064751977783 0.388973608576898 0.0466866684661949 0.06306592799249992
0 0.1471783788484459 0.42652212672018497 0.07071616431701004 0.07292894354388882
0 0.34196269565961124 0.6926822433556012 0.07372276514684692 0.07163984561740726
0 0.43870764109550786 0.7096831071162956 0.09110044191141173 0.11662015494824055
0 0.5903894628810507 0.7757263550900453 0.05698555103961844 0.09656193317629622
0 0.514084304163118 0.5983149631012954 0.07173513527271584 0.12734304147037018
0 0.4982850572633957 0.12352957657916572 0.036719672615379825 0.05443322177194436
0 0.5156977002097815 0.1382461874651379 0.03215057178554268 0.05558561866166665