0 0.23984375 0.88359375 0.0109375 0.02421875
0 0.246875 0.871875 0.0140625 0.02265625
0 0.23359375 0.8515625 0.0125 0.025
0 0.25234375 0.853125 0.0125 0.02265625
0 0.25625 0.83359375 0.01015625 0.02265625
0 0.36328125 0.75625 0.0234375 0.02265625
0 0.38671875 0.6203125 0.009375 0.02890625
0 0.28359375 0.7046875 0.01328125 0.02265625
0 0.27265625 0.6953125 0.0125 0.02265625
0 0.425 0.515625 0.01328125 0.0421875
0 0.39609375 0.46953125 0.00859375 0.03515625
0 0.403125 0.47109375 0.00703125 0.0328125
0 0.30859375 0.4140625 0.0109375 0.03203125
0 0.30859375 0.40859375 0.0109375 0.03046875
0 0.4984375 0.2625 0.00859375 0.03515625
0 0.51796875 0.275 0.0078125 0.034375
0 0.5109375 0.3859375 0.01796875 0.0203125
0 0.5078125 0.396875 0.01015625 0.02421875
0 0.39609375 0.23359375 0.01015625 0.02265625
0 0.471875 0.25859375 0.00859375 0.03046875
0 0.45703125 0.2890625 0.009375 0.034375
0 0.36875 0.2546875 0.00859375 0.02890625
0 0.48046875 0.071875 0.01015625 0.0265625
0 0.46875 0.275 0.0125 0.02421875
0 0.35390625 0.1765625 0.009375 0.01796875
0 0.35234375 0.17109375 0.009375 0.0203125
0 0.43359375 0.44375 0.0109375 0.03671875
0 0.24296875 0.834375 0.0125 0.0265625
0 0.48203125 0.07109375 0.01171875 0.025
0 0.38359375 0.04296875 0.009375 0.0203125