0 0.16015625 0.20546875 0.01015625 0.03046875
0 0.1203125 0.1890625 0.01171875 0.0296875
0 0.02734375 0.215625 0.01328125 0.03046875
0 0.071875 0.32578125 0.01328125 0.02109375
0 0.09140625 0.3203125 0.0125 0.02109375
0 0.13671875 0.31328125 0.01171875 0.0171875
0 0.14765625 0.31015625 0.0125 0.0171875
0 0.15703125 0.30546875 0.01015625 0.0171875
0 0.13515625 0.30546875 0.01015625 0.015625
0 0.1390625 0.30078125 0.0078125 0.0171875
0 0.1609375 0.3 0.0125 0.01328125
0 0.7421875 0.6578125 0.01640625 0.04921875
0 0.6875 0.59140625 0.0140625 0.04765625
0 0.75078125 0.6109375 0.02421875 0.05078125
0 0.73359375 0.61875 0.01484375 0.046875
0 0.7609375 0.60859375 0.01875 0.04765625
0 0.7578125 0.60234375 0.015625 0.046875
0 0.70390625 0.59765625 0.0125 0.0203125
0 0.71328125 0.6296875 0.015625 0.04921875
0 0.36640625 0.246875 0.009375 0.0296875
0 0.26640625 0.33828125 0.0109375 0.03359375
0 0.2546875 0.34765625 0.01328125 0.02109375
0 0.25859375 0.3203125 0.009375 0.015625
0 0.24375 0.3234375 0.01484375 0.0171875
0 0.23203125 0.32265625 0.01328125 0.01796875
0 0.2453125 0.315625 0.01171875 0.01328125
0 0.303125 0.34296875 0.01015625 0.0203125
0 0.3125 0.3453125 0.01171875 0.01640625
0 0.3109375 0.33828125 0.0125 0.01328125