0 0.3140625 0.73828125 0.01171875 0.03203125
0 0.3203125 0.7234375 0.01640625 0.02265625
0 0.35546875 0.6875 0.0125 0.0265625
0 0.43671875 0.8015625 0.0109375 0.0421875
0 0.5171875 0.98828125 0.0265625 0.0203125
0 0.5265625 0.765625 0.01015625 0.03203125
0 0.4984375 0.74765625 0.00859375 0.03828125
0 0.4625 0.74140625 0.00859375 0.040625
0 0.45546875 0.771875 0.0125 0.025
0 0.3 0.58359375 0.009375 0.0203125
0 0.29609375 0.5796875 0.0078125 0.025
0 0.3453125 0.3421875 0.01171875 0.021875
0 0.49140625 0.30390625 0.01015625 0.03671875
0 0.49921875 0.30234375 0.0078125 0.0328125
0 0.53359375 0.13984375 0.009375 0.02890625
0 0.53125 0.128125 0.00546875 0.03046875
0 0.50234375 0.09609375 0.00625 0.034375
0 0.53203125 0.0609375 0.00859375 0.03046875
0 0.5265625 0.0234375 0.0078125 0.01875
0 0.5328125 0.02421875 0.0078125 0.025