0 0.53125 0.409375 0.00390625 0.0140625
0 0.58828125 0.39453125 0.00390625 0.0125
0 0.55546875 0.39921875 0.00390625 0.01328125
0 0.55390625 0.40078125 0.00390625 0.0125
0 0.56484375 0.4046875 0.00625 0.01328125
0 0.57890625 0.41796875 0.00703125 0.015625
0 0.571875 0.43984375 0.00546875 0.01875
0 0.59140625 0.40546875 0.0046875 0.01640625
0 0.5859375 0.40625 0.00390625 0.0140625
0 0.5765625 0.40546875 0.00625 0.01015625
0 0.58203125 0.40234375 0.00390625 0.0125
0 0.5796875 0.38984375 0.00390625 0.0140625
0 0.56484375 0.3828125 0.0046875 0.01328125
0 0.56015625 0.38984375 0.00625 0.0140625
0 0.52109375 0.38125 0.003125 0.0140625
0 0.5015625 0.38046875 0.00703125 0.01640625
0 0.4921875 0.3984375 0.00703125 0.0125
0 0.53046875 0.4171875 0.003125 0.01328125
0 0.44375 0.3640625 0.003125 0.01328125
0 0.45703125 0.3546875 0.0046875 0.0046875
0 0.04375 0.90390625 0.02109375 0.0234375
0 0.1125 0.575 0.01015625 0.01171875
0 0.1125 0.56953125 0.00859375 0.02265625
0 0.8234375 0.7625 0.0140625 0.025
0 0.76015625 0.71328125 0.01796875 0.02109375