0 0.7271876990046318 0.08735892860929648 0.08082727611928178 0.057939787881726754
0 0.7594856218899817 0.1796581278506921 0.0744953889641522 0.0558671048511886
0 0.6872996834007996 0.1047376183077944 0.066355340343633 0.048979376063015945
0 0.6237893820667472 0.03067810709790673 0.07128850180902227 0.05404951333591955
0 0.8131672218445534 0.26079668648520427 0.05640713025772479 0.037276601517208796
0 0.5053503205559293 0.12115919907221775 0.09595430913596861 0.07940019970043757
0 0.44654520861557023 0.1518509607411474 0.09233798620519007 0.06977010818516849
0 0.3744898241739739 0.22913067998642234 0.09209232473980081 0.06508260818516849
0 0.49659719753429377 0.2834997024061977 0.08099105042954129 0.0610647878817268
0 0.5776668130926975 0.34827993740328816 0.0903660504295413 0.06183006242753395
0 0.742552585932619 0.5152766345186519 0.08346095318850325 0.048819879396995704
0 0.8083878686106214 0.30433939239455965 0.07877345318850323 0.04843724212409217
0 0.7951032965843542 0.3203310542132705 0.08157090456798421 0.04244233363936125
0 0.8534071195151327 0.3249868611807927 0.06290279172311415 0.04247428454774686
0 0.9026911465389255 0.39706928420939114 0.05295458163720568 0.030771510001939627
0 0.8023646771807631 0.5786537372438086 0.08041784034363308 0.0501272878817268
0 0.7346626000661132 0.6791158649738145 0.08206222749876275 0.05181733363936125
0 0.6533440010160528 0.6245556528555413 0.09793288896415202 0.057780291215706645
0 0.5500242492070304 0.5843448542229688 0.08831222749876275 0.05232751666989941
0 0.855884745588986 0.46208824845369634 0.0720321302577247 0.03855205909355419
0 0.7358212290806424 0.4616892489127382 0.08979284034363318 0.05089256242753404
0 0.7835350327895443 0.3840427389107986 0.07893722749876275 0.051562242124092175
0 0.7335516429208809 0.31358658876101736 0.0854328889641522 0.05675992515463033
0 0.6529357287419583 0.24249258088510958 0.08715916327441153 0.06001247091226487
0 0.587125943011738 0.15449811543285646 0.0901203889641522 0.05714256242753395
0 0.5958657779283041 0.05178770361414564 0.06150406603337348 0.045471738790112334
0 0.5621016095655099 0.08121998316092269 0.07399742198083885 0.0760520590935541
0 0.31415983378491236 0.27563876029180373 0.06593926051544959 0.0707268303053814
0 0.309080587402957 0.3733428077164282 0.11207063206674714 0.09005065727678296
0 0.26056892356271855 0.5255907049912715 0.09472600180902227 0.05596269970043757
0 0.4316350180902231 0.45121310301502077 0.12506859905006032 0.07088606909549391
0 0.9143999304601234 0.44083525966358394 0.05311835594746554 0.03389651000193972
0 0.9012381891665507 0.4591706714822948 0.057723968792335614 0.03271664727484343