0 0.2332590616911178 0.5536073099120669 0.02531824874635875 0.011082945745273775
0 0.030747827130523975 0.5735193132317166 0.02375574874635877 0.011073855386194254
0 0.02945811177026006 0.582885222872637 0.020676212852981445 0.012618174668035031
0 0.2872395195295343 0.610161836941234 0.04411371285298147 0.012754530054229284
0 0.5190745412371467 0.5779225504440971 0.025409176959604096 0.014207945745273953
0 0.5272280220368167 0.5896867522394953 0.03000574874635884 0.011110216822512698
0 0.2622585884132951 0.4764453670936592 0.033267141066226816 0.01581589754067192
0 0.2700710884132951 0.47649081888905725 0.022102320533113406 0.007939765027114732
0 0.5261057912371466 0.5779634570599554 0.014335284639736124 0.009456813231716588
0 0.35341243731793837 0.5488385175611974 0.02219324874635884 0.011064765027114731
0 0.3320004385715796 0.5377782977136226 0.019022784639736123 0.009484084308955332
0 0.32244358214508895 0.5314737555591449 0.025272784639736125 0.009520445745273776
0 0.34601747446495695 0.5362976109453392 0.015897784639736123 0.009465903590796288
0 0.33878163598515487 0.5292254543294809 0.020448892319867972 0.004805674668035031
0 0.4324597766556703 0.393074851771957 0.02219324874635866 0.011064765027114643
0 0.428735383082161 0.3993021258742579 0.01736935642649069 0.00634999394987581
0 0.4261559523616332 0.41803394515609876 0.015897784639736123 0.009465903590796288
0 0.4682441639609734 0.4417123396717086 0.01580685642649069 0.006340903590796287
0 0.47165030878812386 0.4245475655694076 0.031477320533113404 0.00799430718159222
0 0.47734637932123736 0.43239188182618626 0.03781824874635866 0.011155668617910841
0 0.44266515393184347 0.5290487132082754 0.028397784639735947 0.009538626463433175
0 0.5610203488381363 0.5430162853187867 0.028397784639736124 0.009538626463433175
0 0.5674522052646271 0.5493026467551051 0.03161371285298138 0.012681807181592397
0 0.5842532603583342 0.5361213907049809 0.03152278463973612 0.00955680718159222
0 0.5927333500917775 0.5322651376799188 0.03469324874635884 0.011137487899751618
0 0.677528235747728 0.4398054477883774 0.015852320533113407 0.007903403590796287
0 0.6605309523616332 0.4193974990180413 0.012727320533113406 0.007885222872636887
0 0.6617979356685858 0.409250339377121 0.015897784639735946 0.009465903590796288
0 0.6751473818285197 0.4116713574292977 0.02063074874635884 0.011055674668035032
0 0.7820445880175837 0.32715143256487095 0.017414820533113405 0.00791249394987581
0 0.7854507328447342 0.30998665846257 0.028397784639735947 0.009538626463433175
0 0.8428864627864744 0.4852911854917371 0.028443248746358663 0.011101126463433175
0 0.8368410512662765 0.4922860740554187 0.021965928213245434 0.0032522650271147313
0 0.9243781551854848 0.5209155889843375 0.0174602846397363 0.00947499394987581
0 0.9319058471887836 0.4037917214978949 0.015761392319868152 0.004778403590796287
0 0.9250109895086517 0.4084383148820366 0.011073892319868151 0.004751132513557366
0 0.954752313802689 0.3836155768840891 0.026789820533113583 0.007967036104353476
0 0.955283511216264 0.3750263720636289 0.028488712852981733 0.012663626463433175
0 0.9884406551854849 0.5212882937066018 0.020539820533113585 0.007930674668035032
0 0.6134022366056578 0.27617876414335185 0.022147784639736122 0.009502265027114643
0 0.619720432765592 0.2785588755796703 0.017505748746358664 0.011037493949875809
0 0.7327432699917527 0.29718213143340283 0.025272784639735944 0.009520445745273953
0 0.6816019703083219 0.4187389688656162 0.017505748746358664 0.011037493949875809
0 0.8379465616911176 0.5571252788758789 0.017414820533113586 0.00791249394987581