0 0.465625 0.69296875 0.01171875 0.06328125
0 0.47578125 0.678125 0.01328125 0.0875
0 0.42734375 0.6125 0.01171875 0.06875
0 0.39453125 0.61875 0.01484375 0.08359375
0 0.4046875 0.6453125 0.009375 0.0515625
0 0.4078125 0.61015625 0.01328125 0.06640625
0 0.30390625 0.37734375 0.00390625 0.02421875
0 0.26953125 0.375 0.0046875 0.0234375
0 0.340625 0.3484375 0.003125 0.01796875
0 0.53203125 0.3578125 0.00859375 0.015625
0 0.55390625 0.359375 0.003125 0.021875
0 0.6078125 0.3703125 0.00546875 0.02421875
0 0.6078125 0.3578125 0.003125 0.0203125
0 0.50546875 0.471875 0.01015625 0.025
0 0.75703125 0.3484375 0.00390625 0.0203125