0 0.7577078662882976 0.29105828210531337 0.1980159978405318 0.044460166693180626
0 0.6893829611387953 0.5154310260979955 0.2085529796419344 0.0383374360279987
0 0.6363976634828338 0.4882321794239049 0.16440246144333717 0.03157835868872638
0 0.6135819247416008 0.5270583220878141 0.1460529796419344 0.03761018268618095
0 0.6494891463639707 0.5157486520925867 0.17351664558877822 0.05198176535645356
0 0.6470779403193043 0.6509776274267685 0.16736677513842757 0.05347154002227157
0 0.6571352583333315 0.7136412594286774 0.19489099784053163 0.04442380402608972
0 0.702608444638241 0.7360616994350407 0.13098918414544122 0.02182155068427196
0 0.560228782392025 0.6398032227482235 0.11646560919158375 0.038827237348817434
0 0.46685831662975125 0.5839884800684059 0.03673853639719447 0.012918170671545326
0 0.4725576041066799 0.5926549554025877 0.04913840684754529 0.01150112133990877
0 0.4504508690660748 0.5228146227323152 0.024238536397194466 0.012772720003181703
0 0.44316929519195136 0.5266390567313607 0.019050388648948056 0.004905676002545434