0 0.7057154202291795 0.3924566027609502 0.025409176959604096 0.014353401336727068
0 0.7144335391920826 0.28946796276254105 0.026971676959604098 0.014371582670272609
0 0.7148881802583095 0.30509296276254105 0.02223871285298138 0.012754538669636162
0 0.7001687992212124 0.2018316027609502 0.020721676959604095 0.014298857336090775
0 0.719499123910961 0.32935716609640464 0.02219324874635866 0.01119203866963625
0 0.7060407145023341 0.1620696687619047 0.02219324874635866 0.01119203866963625
0 0.6726826452228619 0.14293786075745038 0.023892141066226814 0.015897720003181702
0 0.6776883939692206 0.1539299047580867 0.019204641066226814 0.015843176002545346
0 0.24623746865896923 0.27621015336568033 0.05086381802583091 0.03026930267345431
0 0.5028370904583591 0.7743407600652242 0.03960806927947225 0.019204533338636053
0 0.38974605707226423 0.7527192040499522 0.038227425705962936 0.02543635200509069
0 0.3297141760351673 0.6489305853755435 0.04296038981258556 0.02705339600572696
0 0.3030286217328829 0.9664811647039983 0.06336381802583091 0.030414753341817757
0 0.3119262486133448 0.950184002705271 0.05256271034569897 0.03497498400699968
0 0.42579486882988904 0.8374851027211794 0.044568353919208194 0.028634077339272323
0 0.44253373944214475 0.8759481660566337 0.038091033386094784 0.020748852005090867
0 0.45772448192029735 0.9417277073917699 0.04296038981258565 0.027053396005727138
0 0.5750854781593736 0.9758947167409058 0.03813649749271768 0.02231135200509087
0 0.5398740892047179 0.7857055214035423 0.033221676959604096 0.014444308004454242
0 0.5225585570722643 0.754264617401315 0.023846676959604095 0.014335220003181704
0 0.597535825018953 0.7543560714114964 0.036528533386094963 0.020730670671545326
0 0.5524075299543756 0.6796373347389967 0.038136497492717504 0.02231135200509069
0 0.5592987244649569 0.5407021040738147 0.03335806927947225 0.019131808004454243