0 0.31796875 0.9265625 0.02421875 0.03203125
0 0.56640625 0.44140625 0.015625 0.04296875
0 0.59140625 0.40859375 0.0140625 0.03828125
0 0.62890625 0.45234375 0.01640625 0.034375
0 0.61796875 0.68984375 0.01875 0.04296875
0 0.61484375 0.6390625 0.0203125 0.03828125
0 0.2765625 0.46875 0.025 0.0421875
0 0.15859375 0.63203125 0.02109375 0.03984375
0 0.3078125 0.3859375 0.0203125 0.0390625
0 0.19765625 0.27734375 0.015625 0.0375
0 0.0625 0.39375 0.028125 0.04453125
0 0.0578125 0.24609375 0.01953125 0.040625
0 0.0578125 0.90625 0.03515625 0.040625
0 0.05703125 0.52109375 0.03359375 0.04375