0 0.6005638857235125 0.6129974914779156 0.03996366594684382 0.017022479254075584
0 0.392433605804723 0.7671558856737012 0.05482720234403846 0.030588071785542858
0 0.4878927074381675 0.5756652800699794 0.04641392504614252 0.020621075934727708
0 0.42911038788298084 0.6679721018555222 0.056489831893687815 0.03226897095570571
0 0.370736683379474 0.6568462703217172 0.061277461443337164 0.0341866684661948
0 0.3400862631136935 0.5891977516503852 0.06939035009228504 0.03946616431700996
0 0.37873775293466067 0.5683874215664726 0.06782785009228505 0.03934776514684692
0 0.3884260286913971 0.7083728815245163 0.047214961443337165 0.03312107593472753
0 0.3787902128368383 0.6888891757156574 0.047114831893687724 0.0315585759347277
0 0.32318865978220596 0.5617122916923415 0.047214961443337165 0.033121075934727705
0 0.5457028123108145 0.4500015066247626 0.033613536397194645 0.014986382573423463
0 0.55271427591362 0.4619095107739476 0.026201554595791876 0.020644386722608488
0 0.5413366849206336 0.4938699057949257 0.033813795496493174 0.018111382573423464
0 0.5128519370801019 0.5380109921026156 0.04338905459579188 0.021946777594401647
0 0.47262745527869915 0.5348393705268542 0.05266392504614252 0.02109467261537983
0 0.4323738926633428 0.5806497006107667 0.05961483189368781 0.03250576929603177
0 0.492717514654853 0.4275829775804684 0.06526405459579188 0.023604365976683896
0 0.48609727483388576 0.445966124676039 0.05316457279438911 0.02890717261537983
0 0.4482654102436312 0.3811941522704407 0.05442668414544123 0.02433807178554286
0 0.3401129488002942 0.41893279584152643 0.0773029796419344 0.04162066016782515
0 0.3898032657345872 0.45637267364106504 0.07427810919158376 0.042946361827499044
0 0.4791044000645984 0.3609758180373433 0.05336483189368764 0.03203217261537983
0 0.5137192319582862 0.33036443546391975 0.05140181369509058 0.0256637734452168
0 0.4205037507751923 0.523239942312397 0.05023983189368782 0.031795374275053766
0 0.49586349861572404 0.4755468808998164 0.05805233189368782 0.03238737012586892
0 0.33684944401993216 0.5062551970862819 0.06752746144333717 0.034660265146846926
0 0.516614892045034 0.38223458878326766 0.04495155459579188 0.022065176764564674
0 0.4315377876338123 0.33892414189747855 0.06460272054263569 0.03754846680652095
0 0.6152397640365441 0.22626708608397528 0.04535207279438911 0.028315176764564676
0 0.5976412538575113 0.2097191261259316 0.04348918414544123 0.023509277594401645
0 0.6213686505260239 0.17915528774364925 0.03830103639719447 0.015341580083912554
0 0.6066448164728676 0.16627677944527947 0.05160207279438929 0.028788773445216798
0 0.3688828030546324 0.1034378504056297 0.06762759099298635 0.036222765146847004
0 0.3757440723329638 0.11768960455481459 0.07075259099298643 0.036459563487173066