0 0.7846710547885384 0.06171875 0.10906708279171565 0.071875
0 0.7447960771096728 0.1046875 0.09319662094116268 0.0578125
0 0.5255921095770768 0.1234375 0.09475912094116268 0.0578125
0 0.511438106330666 0.0734375 0.10262616801906325 0.0609375
0 0.6438486006453278 0.5875 0.07883411201270896 0.040625
0 0.7074492248329013 0.6953125 0.0709943384737585 0.0390625
0 0.5944622552717105 0.62265625 0.0770534237011061 0.028125
0 0.6751764671222636 0.63671875 0.07231137662320535 0.025
0 0.6599742069759938 0.6609375 0.056850017856907444 0.034375
0 0.7168048595737815 0.6046875 0.07266593262956 0.0453125
0 0.1719894172049891 0.409375 0.05038182954530477 0.021875
0 0.15749054058178363 0.384375 0.04722955600635439 0.0203125