0 0.3796875 0.315625 0.00703125 0.02109375
0 0.290625 0.28828125 0.00703125 0.02265625
0 0.3046875 0.29140625 0.009375 0.01875
0 0.21015625 0.2859375 0.0078125 0.0171875
0 0.32578125 0.29140625 0.00625 0.01875
0 0.1765625 0.27265625 0.0078125 0.01796875
0 0.1546875 0.2984375 0.01015625 0.01796875
0 0.1640625 0.296875 0.00859375 0.0140625
0 0.209375 0.70390625 0.01796875 0.04296875
0 0.6890625 0.565625 0.01015625 0.034375
0 0.65390625 0.6640625 0.015625 0.03046875
0 0.55234375 0.6984375 0.01875 0.0359375
0 0.8296875 0.78046875 0.0171875 0.05390625
0 0.93203125 0.584375 0.0125 0.03125
0 0.95390625 0.665625 0.02421875 0.04375
0 0.81640625 0.76875 0.0203125 0.04296875
0 0.734375 0.646875 0.0171875 0.0359375
0 0.7703125 0.6390625 0.0125 0.03203125
0 0.83046875 0.6375 0.0140625 0.0359375
0 0.878125 0.53828125 0.0140625 0.03359375
0 0.7046875 0.534375 0.009375 0.02734375
0 0.67421875 0.54453125 0.0109375 0.01875
0 0.68515625 0.478125 0.0109375 0.03046875
0 0.6125 0.5046875 0.01171875 0.03203125
0 0.48984375 0.47265625 0.01171875 0.0296875