0 0.05250868440556981 0.4473319895751587 0.10501736881113961 0.08185305674305994
0 0.1314903215972673 0.5678597867513071 0.1160492052052021 0.06421091567683312
0 0.2703792453736127 0.6605293568887092 0.10621917889684288 0.05612563103709682
0 0.35256241381769904 0.6823157771843957 0.09749662628012441 0.0402733105039836
0 0.4473666796027146 0.6748776987337235 0.10787268415851474 0.05773359514371954
0 0.46768615585460405 0.6072128256141853 0.08610409997176519 0.032142561757624935
0 0.5505518637612292 0.6172804959098719 0.07783657366340577 0.024102741224511347
0 0.5946126769012915 0.5972802329777481 0.07360409997176517 0.03177884890464337
0 0.39758357138550576 0.3378383514784328 0.12184417889684288 0.056580272103323725
0 0.24340909478068046 0.041617367082441195 0.15022678413027987 0.08323473416488239
0 0.3089507947947979 0.05184467867546377 0.13661931043863912 0.09600648495630522
0 0.4602354898295921 0.36019307310690285 0.09849768415851479 0.05746081050398359
0 0.4248440213996233 0.35186374755922456 0.10676521046687389 0.065500631037097
0 0.6916065871705214 0.32460359943336875 0.08425317363517096 0.05392663354437941
0 0.6679584426157199 0.5163735622863502 0.07783657366340577 0.024102741224511347
0 0.6348960426580721 0.5617913623654924 0.07360409997176517 0.03177884890464337