0 0.2536973388775003 0.3576285252262784 0.0347022824674041 0.020351041356328814
0 0.26862290949435136 0.36300738399378407 0.026889782467404012 0.019987168320799588
0 0.3113695170428333 0.3970035483856422 0.02998750892845372 0.018570217535011313
0 0.20213661322722953 0.4894928012811263 0.04561250892845372 0.019297963606069855
0 0.02348155356742715 0.5849935841603997 0.01770569724005646 0.030488020678164317
0 0.2513610917168741 0.581556176797855 0.03462046185055305 0.015663541356328813
0 0.2664406209378673 0.5510339228689135 0.04251478246740401 0.02071491439185813
0 0.26888378246410877 0.5121169720831252 0.04243296185055305 0.01602741439185813
0 0.23678434861673292 0.5067188426374551 0.02998750892845372 0.018570217535011223
0 0.4117319813290183 0.3329838978475229 0.023628414772652383 0.01202911910658786
0 0.4155564107121673 0.32847833436528756 0.026753414772652383 0.012174668320799586
0 0.6698990373353727 0.3653042080199894 0.025245461850553142 0.015226893713693724
0 0.727958773535655 0.5163252065722472 0.03933523538950325 0.017444365177646404
0 0.7312201412304067 0.524283255786459 0.03621023538950343 0.017298815963434678
0 0.9049712869283357 0.5503299871752093 0.03152273538950325 0.017080492142117265
0 0.9174031030809597 0.547005934032056 0.03297614123370209 0.010903266749222951
0 0.9465178587630027 0.5155761515670674 0.03618296185055314 0.015736315963434677
0 0.9847506956152035 0.5439944040482667 0.030498608769593004 0.01722604135632899