0 0.8078125 0.2453125 0.0140625 0.03359375
0 0.6765625 0.37109375 0.0125 0.03984375
0 0.6328125 0.43203125 0.01953125 0.0421875
0 0.41796875 0.3578125 0.01328125 0.04296875
0 0.47421875 0.30078125 0.01171875 0.0375
0 0.4671875 0.353125 0.021875 0.040625
0 0.3609375 0.75078125 0.02109375 0.040625
0 0.39453125 0.7609375 0.02109375 0.03984375
0 0.46640625 0.80703125 0.01796875 0.03359375
0 0.53125 0.78984375 0.02265625 0.03125
0 0.50859375 0.8109375 0.01953125 0.0375
0 0.4875 0.815625 0.02109375 0.0359375
0 0.48046875 0.77734375 0.02109375 0.03515625
0 0.496875 0.76953125 0.01953125 0.034375