0 0.7401561307784047 0.9308485966350576 0.041170637023308566 0.017991136803468068
0 0.7588069270575405 0.9123639071442838 0.04127976442797028 0.021116136803468067
0 0.7379413555506613 0.8821835834808779 0.04138889183263199 0.024241136803468066
0 0.7939880028255889 0.734360004485213 0.03949900961864685 0.014775131541796327
0 0.5110266806857375 0.8118200626459519 0.027108137023308564 0.0171720894484217
0 0.5045485021926167 0.8404077942301005 0.03341270072563951 0.019098610495108657
0 0.551346635039574 0.7108336862952405 0.025709328130301044 0.021768584186749606
0 0.5330505028255889 0.7191621257860141 0.023983137023308565 0.016990078925077867
0 0.5239383976534457 0.7335053468468191 0.02872520072563951 0.01882559471009344
0 0.5194865106301372 0.7489028336926393 0.02872520072563951 0.018825594710093263
0 0.5374825424813026 0.7491681442018656 0.023983137023308565 0.016990078925077867
0 0.5479661746952876 0.7403846784027326 0.02872520072563951 0.01882559471009344
0 0.7273486290491242 0.6474977703408158 0.047420637023308565 0.01835515785015538
0 0.7995088604448026 0.5538457518543771 0.037881945916316086 0.01312162628012441
0 0.3975817726958547 0.5633154022355479 0.04747520072563942 0.01991765785015538
0 0.38749744456555363 0.5830818706655168 0.02888889183263199 0.023513094710093264
0 0.47069189048186966 0.5769676495341247 0.028670637023308566 0.01726309471009326
0 0.48509913086322276 0.5903321995200073 0.03346726442797028 0.020661110495108836
0 0.46365071679807224 0.5992598784874372 0.02403770072563951 0.018552578925077688
0 0.4686556753282599 0.6128596469032888 0.025545637023308566 0.017081084186749605
0 0.3789979530030741 0.4902118312029778 0.02721726442797028 0.020297089448421346
0 0.3978570804077358 0.48817889434304007 0.02765377404661713 0.03279708944842134
0 0.387073347830931 0.5055561101421729 0.03664682813030105 0.022405621018452494