0 0.624710770303136 0.5090008592629776 0.037338173916276675 0.035420674452321776
0 0.4260014258934429 0.056093504948057926 0.03223417984777566 0.06336381802583094
0 0.48668016558768173 0.7983863050272002 0.028217841901054187 0.04139788981258565
0 0.49597425254582 0.8158238576136249 0.0284088428896375 0.046085389812585566
0 0.3880980855496256 0.8111243342566599 0.03772017589344294 0.04479567445232178
0 0.41783732368662757 0.7558063484424249 0.042407675893442943 0.04493206677218957
0 0.2568347925834386 0.9947789540774927 0.07719916996194395 0.010442091845014545
0 0.3193282505314726 0.4064762866848001 0.03603034190105418 0.04162521034569906
0 0.36360483254669507 0.4015220137235465 0.02809050790866543 0.03827288981258552
0 0.36933090912471 0.36969535220334865 0.016452670950527094 0.02076714106622681
0 0.3761738167293643 0.32697665478977334 0.03303267589344294 0.044659282132453626
0 0.35710814034162974 0.28038279961692386 0.02652800790866543 0.038227425705962936
0 0.265780144790254 0.2987941673261857 0.03465884288963732 0.04626724623907634