0 0.6220314682355091 0.7872482269577612 0.03058866594684382 0.01579159997176518
0 0.614969939857879 0.7759845032661205 0.033613536397194464 0.014411110495108837
0 0.6054936127445533 0.7173830479903311 0.03693879549649317 0.017718121018452493
0 0.5771356801402716 0.5890529216396196 0.03058866594684382 0.01579159997176518
0 0.5123674830380204 0.3608816899848839 0.01123788864894788 0.005324536831702887
0 0.5437607780730882 0.5147200505505799 0.023938147748246763 0.009177578925077867
0 0.5465353246493156 0.5200067900272363 0.027263406847545114 0.012484589448421346
0 0.5460346769010691 0.5278192900272363 0.023938147748246763 0.00917757892507769
0 0.5508525848283485 0.5376570216113847 0.024138406847545292 0.012302578925077867
0 0.5525955575304525 0.546895513718877 0.023938147748246586 0.00917757892507769
0 0.5544887245570307 0.5537902558263692 0.02403827729789576 0.01074007892507769
0 0.5562514836563293 0.5505742505646973 0.024138406847545292 0.01230257892507769
0 0.5527958166297512 0.543770513718877 0.022375647748246585 0.009086573663405772