0 0.620061264654853 0.44448899983036405 0.008913925046142523 0.017460318511654194
0 0.5361158636674038 0.3920758171608919 0.010476425046142523 0.017514882213985138
0 0.5335334793373926 0.4810291897562302 0.010676684145441229 0.02063988221398514
0 0.8109782703580656 0.007537092936789541 0.005288277297896116 0.00953869110699257
0 0.809966482881137 0.0014930010963083412 0.005188147748246763 0.0029860021926166823
0 0.7905353624307863 0.0014433992358761887 0.005288277297895938 0.0028867984717523775
0 0.7951727976559615 0.0017521786823799068 0.005288277297895938 0.0035043573647598135
0 0.7975165476559616 0.0016976149800490502 0.003725777297895938 0.0033952299600981005
0 0.8079033351328903 0.006864970341451254 0.00528827729789576 0.00953869110699257
0 0.8055595851328903 0.0069468158949475365 0.0037257772978957606 0.009484127404661707
0 0.8052289181063124 0.002746721649804623 0.005388406847545468 0.005493443299609246
0 0.8014728624307862 0.0008618012777181939 0.005188147748246408 0.0017236025554363877
0 0.7986785294573643 0.005185958128883622 0.003825906847545113 0.010371916257767243
0 0.7954533999077149 0.006520229960098101 0.003725777297895938 0.009484127404661712
0 0.7915471499077149 0.006656639215925239 0.005388406847545291 0.011101191106992564
0 0.7892033999077149 0.006738484769421521 0.0036256477482465854 0.007921627404661713
0 0.7836845851328903 0.007710707727579519 0.005088018198597233 0.006413691106992569
0 0.7822222146825396 0.006202771429910376 0.005088018198597411 0.006413691106992569
0 0.7798283999077149 0.007065866983406657 0.003725777297895938 0.009484127404661707