0 0.5512006652204277 0.23970478530972644 0.04455052067816449 0.018715283665263982
0 0.6021703138965201 0.13340765609096622 0.047675520678164315 0.018824411069925696
0 0.5962649162538849 0.14297362904912422 0.04476884449948208 0.023402783665263983
0 0.6059094741545491 0.4717881098118305 0.05065497146395277 0.015808538474587408
0 0.598640629655067 0.4938813646211539 0.04625856989237605 0.02189484736759475
0 0.6343983471900783 0.46299346316987516 0.03822774607105863 0.016934528855940555
0 0.6304000519048081 0.4818525905745368 0.030196922249740864 0.011974210344286362
0 0.47169056203900245 0.8750445737843139 0.04625856989237605 0.02189484736759475
0 0.40498471319629437 0.7330778177938642 0.016352746071058587 0.016170637023308565
0 0.46443883416490905 0.9135167967424718 0.03495719685684691 0.01370040145127902
0 0.6381376232449263 0.5166814583605517 0.03946491439185813 0.043497028855940555
0 0.37602711332012884 0.6849503418404812 0.02714469685684682 0.013427582939624472