0 0.12279857046019113 0.7797682213160462 0.03925339754067196 0.03326703333863605
0 0.5373938982280431 0.41481209926004886 0.048619307181592394 0.03181362133990877
0 0.5633705909482549 0.380918357256549 0.040770445745273776 0.025472714672181596
0 0.5119580818730685 0.3557370912635487 0.03764544574527395 0.02543635200509069
0 0.28187060607356534 0.427159747294729 0.048619307181592394 0.03181362133990895
0 0.33270639822804304 0.4171938539545021 0.042360216822512696 0.03017839600572696
0 0.5794667269778536 0.7025842719207764 0.04707498789975162 0.03492044000636341
0 0.44730769106989177 0.8603615039385938 0.04550339754067192 0.03333975867281787
0 0.6524138684684013 0.6517388399109132 0.04551248789975162 0.03490225867281786
0 0.7847536697962612 0.7314434265595503 0.04235112646343318 0.028615896005727136
0 0.7033531579906004 0.8925360152371408 0.05021816861791084 0.03808180267345449
0 0.8496287151721926 0.8595860605506417 0.04392271682251305 0.030196577339272324
0 0.5812645345522294 0.9306729092536855 0.05496930113146803 0.04907384667409076