0 0.43165486600862957 0.9758235971048593 0.030670145861557075 0.020999584233097578
0 0.40088182157198216 0.863772960382251 0.027299484396167806 0.016075285892771518
0 0.31300560605900696 0.7014846027039368 0.02384693577564878 0.00958848755244528
0 0.31501848541222055 0.7101967518740997 0.020803822930778537 0.010914189212119396
0 0.32282434135968585 0.7403578485547518 0.027053822930778536 0.011387785892771517
0 0.32391877261277885 0.6276093948204855 0.02228443577564878 0.009470088382282426
0 0.33959800429541315 0.5704364348624418 0.028616322930778537 0.011506185062934549
0 0.5221405093837959 0.504897635696923 0.05706887155129756 0.01988737012586874
0 0.540607226367109 0.48606512532396096 0.06364642017181658 0.026610966806520864
0 0.5289703635222388 0.48673963154773825 0.030670145861557075 0.020999584233097578
0 0.5902110786965297 0.42290319710950375 0.05114642017181659 0.0256637734452168
0 0.7687499157608023 0.607624507072192 0.11290279172311415 0.045906341081574806
0 0.399046088873295 0.24967549420042995 0.04424132293077854 0.012690176764564676
0 0.39547070952008134 0.2408449458601039 0.04465075870642732 0.020502676764564676
0 0.43685927012638803 0.1397094209649946 0.05090075870642714 0.020976273445216752