0 0.8566019663059447 0.4395385718853973 0.07885534034363317 0.04642362141421188
0 0.8919729002725711 0.4788540430294567 0.04333392017181659 0.023348219962933216
0 0.8391787709193576 0.4892756770575405 0.057887743102595125 0.03321429328391083
0 0.7284050452296171 0.4900246999230312 0.06134029172311415 0.039573420688572544
0 0.5047916463158423 0.8136606404818696 0.07597600180902227 0.05100199400955026
0 0.5712022976044662 0.647579283495628 0.06898901741285464 0.03672123920022674
0 0.5370629929910533 0.599642780500403 0.05591580732694616 0.025347229581580068
0 0.39992043984797865 0.7315425996450295 0.07046963025772479 0.03521330290255768
0 0.3690422540723298 0.7404190918404812 0.0402089201718165 0.023239092558271324
0 0.1807267045472997 0.7774082042690185 0.056079581637205764 0.02847222958157989
0 0.34499284317276746 0.9463516333102934 0.05961401741285455 0.03639385698624196
0 0.3485239569221489 0.9236135377567972 0.04029080732694634 0.024801592558271322
0 0.4217555755327703 0.5529810900263826 0.06421963025772474 0.03499504809323426
0 0.4495374960432711 0.30558773485423957 0.0657821302577247 0.035049611795565025
0 0.44267334237979805 0.317524739663563 0.04810330732694616 0.025074411069925695
0 0.3418998156946893 0.1720981669755574 0.06610967887824373 0.041299611795565114
0 0.33791500056582685 0.18861354438021913 0.048430855947465365 0.031324411069925694
0 0.3119323547042699 0.20823656361751283 0.064792840343633 0.04593254809323426
0 0.42381712177844016 0.39460559483570606 0.06438340456798422 0.03812004809323426
0 0.39479136307201285 0.4127752414776615 0.0434976944820761 0.026473219962933038
0 0.3742741451841885 0.41739081960796265 0.06413774310259504 0.03343254809323426
0 0.10650238975712156 0.5717881760460501 0.049665807326946254 0.02512897477225664