0 0.27421875 0.52421875 0.01015625 0.03828125
0 0.17578125 0.56015625 0.01171875 0.0421875
0 0.184375 0.55625 0.0125 0.03828125
0 0.484375 0.6 0.01015625 0.04609375
0 0.50546875 0.5953125 0.0125 0.0390625
0 0.475 0.625 0.00859375 0.034375
0 0.49296875 0.6234375 0.00859375 0.0265625
0 0.85703125 0.51953125 0.0125 0.03984375
0 0.7296875 0.4421875 0.01171875 0.01171875
0 0.89140625 0.515625 0.00859375 0.03046875
0 0.52421875 0.634375 0.0375 0.03046875
0 0.96484375 0.5734375 0.00859375 0.0296875
0 0.68671875 0.4109375 0.009375 0.0234375