0 0.16835703093474658 0.67734375 0.1033671946818584 0.0578125
0 0.35406077055257723 0.52578125 0.07562162628012441 0.0375
0 0.32416887322576543 0.48203125 0.0696446420651399 0.0421875
0 0.45809655219319545 0.4609375 0.06441111049510884 0.0328125
0 0.4143850785721419 0.39453125 0.0630306210184525 0.0359375
0 0.4083101128435961 0.33046875 0.06155912628012441 0.0375
0 0.49741665742663244 0.4921875 0.05485409997176518 0.0296875
0 0.439348010240995 0.3 0.05007559471009326 0.028125
0 0.43755029181102606 0.309375 0.0385010578783902 0.0171875
0 0.4448468523202524 0.32734375 0.04364358418674961 0.025
0 0.47525468913783797 0.353125 0.051547089448421346 0.0265625
0 0.4439514812312127 0.365625 0.04989358418674961 0.025
0 0.4393472812170952 0.38046875 0.051547089448421346 0.0265625
0 0.4274997286003767 0.36484375 0.02783657366340577 0.021875
0 0.5296012839185182 0.30703125 0.04346157366340577 0.021875
0 0.44046173116062554 0.43984375 0.04704159997176518 0.0296875
0 0.553984446818584 0.578125 0.035922089448421346 0.0265625
0 0.5410749231410609 0.57109375 0.034359589448421345 0.0265625
0 0.5716886153332577 0.4796875 0.05172909997176518 0.0296875
0 0.5796607390531333 0.4421875 0.02894404735504672 0.0140625
0 0.5788270101704078 0.37421875 0.026001057878390375 0.0171875
0 0.5132243969738759 0.41484375 0.030870568401734032 0.0203125
0 0.6671005548946185 0.3875 0.03261507892507787 0.0234375
0 0.5916679153897274 0.4203125 0.022876057878390376 0.0171875
0 0.5437617654320797 0.37578125 0.030688557878390376 0.0171875
0 0.5122387496470642 0.37109375 0.03372255261671846 0.015625
0 0.7320899761107151 0.215625 0.01451752630835923 0.0078125
0 0.7370959945265666 0.22109375 0.019296031570031145 0.009375
0 0.5170612994917724 0.534375 0.029581084186749606 0.025
0 0.5083310415992646 0.53203125 0.02122255261671846 0.015625