0 0.515625 0.9703125 0.0109375 0.02421875
0 0.5234375 0.9640625 0.01171875 0.0390625
0 0.46875 0.86640625 0.015625 0.03515625
0 0.565625 0.93046875 0.01484375 0.021875
0 0.56640625 0.9125 0.01328125 0.01796875
0 0.5984375 0.77109375 0.021875 0.02890625
0 0.67265625 0.81484375 0.0140625 0.02265625
0 0.66953125 0.8359375 0.01015625 0.02265625
0 0.6390625 0.521875 0.0109375 0.03515625
0 0.62578125 0.525 0.009375 0.034375
0 0.55859375 0.5546875 0.00859375 0.025
0 0.55625 0.571875 0.00859375 0.01875
0 0.465625 0.659375 0.01171875 0.01875
0 0.4703125 0.64765625 0.01171875 0.01875
0 0.40390625 0.49296875 0.01015625 0.034375
0 0.40390625 0.44921875 0.009375 0.03515625
0 0.571875 0.42265625 0.025 0.01484375
0 0.725 0.6203125 0.01171875 0.0390625
0 0.7109375 0.6203125 0.01015625 0.0328125
0 0.81484375 0.85625 0.01796875 0.02421875
0 0.81484375 0.86953125 0.00859375 0.0203125
0 0.77421875 0.65078125 0.01484375 0.0328125
0 0.45234375 0.440625 0.00546875 0.01796875
0 0.459375 0.4328125 0.00859375 0.025
0 0.45546875 0.4171875 0.00703125 0.0265625
0 0.45078125 0.4203125 0.00859375 0.03046875
0 0.546875 0.34609375 0.0109375 0.01875
0 0.5375 0.221875 0.02265625 0.0125
0 0.5390625 0.2125 0.00625 0.01875
0 0.40859375 0.38359375 0.00625 0.02421875
0 0.40859375 0.37578125 0.0078125 0.028125
0 0.415625 0.20859375 0.0078125 0.034375
0 0.63359375 0.1109375 0.00703125 0.02890625
0 0.6375 0.11015625 0.0078125 0.02890625
0 0.6296875 0.0546875 0.0046875 0.028125
0 0.63359375 0.05234375 0.00546875 0.028125
0 0.4234375 0.11484375 0.00546875 0.02890625
0 0.44921875 0.03359375 0.00546875 0.03203125
0 0.453125 0.03515625 0.00546875 0.0265625
0 0.4671875 0.02890625 0.00625 0.0203125
0 0.53515625 0.1328125 0.00625 0.01875
0 0.421875 0.103125 0.00703125 0.02421875
0 0.559375 0.284375 0.00703125 0.0203125