0 0.4913462325748224 0.6328865187554176 0.04135225334181776 0.0660542269557407
0 0.6388843039067771 0.6301245207816679 0.03194089067472703 0.062109020735185184
0 0.6275393659293669 0.4648802295941216 0.03194089067472685 0.062109020735185184
0 0.48843305462286574 0.27959542342083427 0.03186816534054522 0.055859020735185186
0 0.6515581212603669 0.47994886352435306 0.039535214672181594 0.04404252591898139
0 0.5256512439529113 0.3005333485386121 0.023855670671545325 0.037988015551388796
0 0.5102802352800934 0.347144508387825 0.02380112667090888 0.0333005155513888
0 0.5127785266152296 0.3336582068326862 0.025327264003817972 0.03031221658814811
0 0.5396501092855022 0.3047717892077788 0.026980670671545325 0.03826141762490742
0 0.5322461419478206 0.33741819387319544 0.022220445337363514 0.031601314514629664
0 0.5438467132797753 0.34654918609750107 0.019040901336727246 0.02664041244111104
0 0.5588359139481387 0.3327505262482881 0.019059082670272433 0.02820291244111104
0 0.5621427272835933 0.3168521241747696 0.025345445337363513 0.03187471658814811
0 0.5662393339433662 0.3672232710644918 0.03341248400699968 0.05443322177194432
0 0.5756052432765936 0.3671843148439363 0.025527258672817865 0.04749971658814811
0 0.5639955812778662 0.3588345726196307 0.028688621339908772 0.05089811866166656