0 0.9340545883504671 0.5077057701996412 0.03577800333398003 0.019189615756780753
0 0.870518246835198 0.5008950571019315 0.03434304909161447 0.020661110495108836
0 0.9677274419937077 0.6916103333397036 0.04346295757634522 0.018082142065139806
0 0.9668664436606977 0.7001130780780317 0.040465503333980024 0.019462631541796328
0 0.8252051021454285 0.6887521018967293 0.040465503333980024 0.019462631541796328
0 0.8072203766912358 0.6970350387566672 0.042028003333980025 0.019553636803468066
0 0.7836719510775634 0.49428176507914384 0.037468049091614476 0.020843121018452492
0 0.6162293595622944 0.481419202080256 0.03721295757634539 0.017718121018452493
0 0.6041757697140152 0.4861599099868812 0.03227036606107632 0.014320105233436919
0 0.045167431532726066 0.46759702367752337 0.013010183030538136 0.006978042093374626
0 0.04523120441154334 0.4683782736775234 0.013392820303441754 0.011665542093374625
0 0.06415641865584847 0.5192428236634059 0.019387728788172676 0.008904563140062294
0 0.08236428471692474 0.5327438815417962 0.019642820303441732 0.012029563140062293
0 0.37369104425982247 0.4820661312594476 0.04008286606107632 0.014775131541796327
0 0.3384390704726196 0.49789625761015904 0.022640274545807238 0.010649073663405773
0 0.06643665365293897 0.442399602602601 0.018207866061076272 0.013501057878390376
0 0.12726245441154332 0.47315604991529536 0.029017820303441733 0.012575594710093441
0 0.12680006880562966 0.4770167972844595 0.022512728788172696 0.009086573663405772
0 0.20184747941639253 0.6057935156438412 0.01964282030344171 0.012029563140062116
0 0.35516379805284426 0.6170557812876825 0.027710411818710767 0.015609589448421345
0 0.13826346941445283 0.5507728157003109 0.01951527454580724 0.010467063140062294
0 0.7110157010775635 0.4900500204114029 0.03695786606107632 0.014593121018452494
0 0.7010507697140153 0.49180223621053587 0.038265274545807235 0.01155912628012441