0 0.7909690174649485 0.9195666047249886 0.051944308004454244 0.036116775138427926
0 0.7881252807924487 0.8767480490494627 0.04880112667090888 0.03435401603912887
0 0.9596708274188142 0.5686585394887388 0.042460220003181705 0.026140997840531633
0 0.933735036083678 0.5570294270579526 0.036228401336727244 0.0273029796419344
0 0.644108367401315 0.45987832896825226 0.05029090133672724 0.028204145588778217
0 0.6240173274585852 0.8833554017626415 0.03940794533736351 0.032190738741233106
0 0.362878738104677 0.7484144070044287 0.04562158267027261 0.029466256939830338
0 0.354121356102768 0.7349026195275 0.04718408267027261 0.029566386489479513
0 0.23960268073676955 0.5014368823274264 0.04400453866963616 0.024678627390180986
0 0.22248790607095126 0.5087883073735691 0.042423857336090796 0.023015997840531634
0 0.21119587006681512 0.4790204642211142 0.03768181333545444 0.018028109191583753
0 0.23455155406586062 0.47048727097637444 0.03768181333545444 0.018028109191583753
0 0.14629702872372466 0.4112507757567364 0.042387494668999895 0.01989099784053163
0 0.13969304006204258 0.44842010873015836 0.037718176002545345 0.021153109191583752
0 0.1509208940563156 0.40548163710778845 0.0392988573360908 0.022815738741233105
0 0.10367317671863399 0.37645427359726813 0.02986931333545445 0.017527461443337077
0 0.28533225672340645 0.3999954958379469 0.026798857336090796 0.02201470234403846
0 0.24535214672181566 0.39083004935400456 0.02049431333545444 0.01692668414544123
0 0.15545385272117934 0.3918999984588405 0.020457950668363534 0.013801684145441228
0 0.05572821475172336 0.623458483960871 0.03303067600254535 0.020852720542635695
0 0.057008356739314835 0.5319020396363972 0.029832950668363556 0.014402461443336989
0 0.05927938140513306 0.5255018453119231 0.02985113200190901 0.015964961443337165
0 0.14600776941435992 0.5879634700812104 0.03613749466899989 0.0194904796419344
0 0.04918676607254212 0.5316214373846437 0.01415340666772722 0.008713665946843818
0 0.014548136736133168 0.5111680374769287 0.017351132001909002 0.015163925046142524
0 0.011295867401315055 0.5004307965762274 0.011064769334818115 0.011638406847545291
0 0.027011774069042278 0.507242001079734 0.03143181333545445 0.01762759099298634
0 0.00807996073358783 0.49281855567552596 0.004778406667727225 0.008112888648948057
0 0.01964416939845155 0.47878633405315607 0.028343176002545333 0.020552331893687815
0 0.050966347390179204 0.415796178285345 0.02985113200190901 0.01596496144333699
0 0.07449475405790643 0.42210673504060525 0.02674431333545444 0.01732720234403846
0 0.07056123205758827 0.42001330891472854 0.0299238573360908 0.022214961443337167
0 0.019389083386361198 0.3896737692783314 0.006340906667727225 0.008213018198597233
0 0.008334499403224057 0.514693555675526 0.004814769334818114 0.011237888648948058
0 0.03163563940163322 0.5014728624307863 0.02828863200190901 0.015864831893687814