0 0.2765625 0.765625 0.0296875 0.18984375
0 0.496875 0.7125 0.03203125 0.20234375
0 0.47109375 0.659375 0.021875 0.15859375
0 0.509375 0.6390625 0.021875 0.140625
0 0.49765625 0.6734375 0.03203125 0.16484375
0 0.6296875 0.6796875 0.03203125 0.16015625
0 0.69140625 0.69375 0.02109375 0.1890625
0 0.7125 0.7390625 0.01953125 0.12578125
0 0.61953125 0.59453125 0.0296875 0.1125
0 0.5671875 0.49921875 0.00859375 0.0359375
0 0.575 0.50546875 0.00859375 0.0484375
0 0.50703125 0.4796875 0.00859375 0.021875
0 0.5109375 0.47265625 0.00390625 0.01796875