0 0.4228844284931208 0.013013614558473895 0.016770837748947897 0.02602722911694779
0 0.41022073738612824 0.006573119728015002 0.008358137023308565 0.013146239456030004
0 0.4136284795815799 0.03551139102760657 0.0183333377489479 0.03361302067816443
0 0.4082415751350762 0.03810985215247707 0.015044646641955418 0.028779971463952725
0 0.5001116497219983 0.2936277979758667 0.013536710344286185 0.030269696856846905
0 0.4956696863824872 0.3008773717971842 0.019895837748947896 0.03368579528527027
0 0.4080580697775987 0.23453108788445345 0.018060519237293703 0.025800520678164497
0 0.4014459712288775 0.26926996091998273 0.013373019237293704 0.025582196856846817
0 0.49896332277282357 0.19351863606520786 0.014662700725639511 0.017842471463952726
0 0.4663120246795893 0.13243774090377208 0.016607146641955416 0.028852746071058543
0 0.46097968393541644 0.13659870202864258 0.013373019237293704 0.025582196856846862
0 0.45090527948891274 0.13941548697483064 0.011810519237293704 0.025509422249741
0 0.44764387023308555 0.13565478618904234 0.015044646641955418 0.02877997146395268
0 0.632336394997493 0.6067377659251626 0.02658234736759475 0.04647689371369381
0 0.6012972153232458 0.6590472826743857 0.013373019237293704 0.025582196856846907
0 0.4615452345605394 0.6905969973139129 0.029270837748947898 0.03412244292790554
0 0.4510616023465543 0.681695032260101 0.02140377404661713 0.03219606989237622
0 0.3832837921876025 0.4438354673301236 0.01951389183263199 0.022748295285270358
0 0.33581851514576044 0.4515238428468521 0.020059528855940555 0.03837329528527036
0 0.3184350306700391 0.0657682793646168 0.011537700725639422 0.017696922249741
0 0.3131572536281971 0.0714917404894873 0.009920637023308565 0.016061647642635134
0 0.29501488883740706 0.044948511167651736 0.01655258293962447 0.027290246071058566
0 0.36058532513507624 0.04032947766920573 0.02080357332097762 0.015008569892376145
0 0.3594221292187602 0.029428364972758657 0.013100200725639333 0.017769696856846862