0 0.4390625 0.6625 0.0234375 0.05234375
0 0.30859375 0.6390625 0.0171875 0.0515625
0 0.35625 0.496875 0.0140625 0.0515625
0 0.52265625 0.35546875 0.01328125 0.04609375
0 0.33125 0.50703125 0.025 0.0296875
0 0.484375 0.36875 0.0125 0.0296875
0 0.4875 0.41171875 0.01484375 0.02578125
0 0.48828125 0.39921875 0.0171875 0.02265625
0 0.47109375 0.3703125 0.0140625 0.02890625
0 0.4703125 0.39921875 0.0125 0.0234375
0 0.45859375 0.40546875 0.0125 0.02109375
0 0.44765625 0.3921875 0.0109375 0.021875
0 0.4484375 0.37734375 0.0171875 0.021875
0 0.4328125 0.4203125 0.015625 0.04296875
0 0.42421875 0.41953125 0.01015625 0.0390625
0 0.43671875 0.4140625 0.0125 0.0390625
0 0.39375 0.02265625 0.009375 0.021875
0 0.4078125 0.0140625 0.00625 0.0234375
0 0.428125 0.015625 0.0078125 0.021875
0 0.484375 0.02265625 0.00703125 0.025
0 0.5 0.08359375 0.00859375 0.01328125
0 0.5109375 0.08359375 0.009375 0.01640625
0 0.53359375 0.08203125 0.00625 0.01328125
0 0.54453125 0.0765625 0.00625 0.01640625
0 0.53203125 0.07578125 0.00546875 0.0140625
0 0.5296875 0.07734375 0.00625 0.01171875
0 0.540625 0.08046875 0.00703125 0.0140625
0 0.63359375 0.1 0.00625 0.0265625
0 0.62421875 0.10703125 0.0078125 0.0140625
0 0.615625 0.09140625 0.0078125 0.015625
0 0.6 0.0921875 0.00625 0.01171875
0 0.60625 0.09375 0.00546875 0.0125
0 0.60546875 0.0890625 0.00625 0.0125
0 0.65234375 0.10703125 0.0078125 0.0140625
0 0.65859375 0.10859375 0.0078125 0.01328125
0 0.65703125 0.103125 0.00546875 0.0125
0 0.81015625 0.11796875 0.009375 0.02734375
0 0.9546875 0.23984375 0.02109375 0.0265625
0 0.9703125 0.234375 0.02109375 0.03046875
0 0.96875 0.24921875 0.01875 0.03203125
0 0.984375 0.2578125 0.01484375 0.034375
0 0.9953125 0.26796875 0.009375 0.0203125
0 0.9953125 0.24453125 0.009375 0.02578125