0 0.8189246978835509 0.8674576974458585 0.029923857336090976 0.020657945337363516
0 0.8081053765515962 0.8571741781110405 0.02679885733609062 0.02062158267027243
0 0.783795719883869 0.864704867441086 0.0299238573360908 0.020657945337363516
0 0.7902638958864143 0.8460275927752676 0.02681703866963616 0.022184082670272432
0 0.7716138932209142 0.8372156667727225 0.025199994668999894 0.017478401336727244
0 0.7207973752387316 0.7053565920989501 0.028470445337363516 0.030014764003817973
0 0.5863320159134585 0.644408906747269 0.033012494668999894 0.01756930800445424
0 0.6449883058959593 0.7740151380887687 0.028397720003181703 0.023764764003817974
0 0.6331604678946867 0.7832537780871778 0.028379538669636162 0.022202264003817973
0 0.48867631325591265 0.5760759827339059 0.04718408267027261 0.027107940006363407
0 0.43298029658659465 0.5949617953930427 0.04087953866963616 0.022347714672181596
0 0.4361871125875491 0.5879669080601335 0.03610113200190899 0.014480670671545326
0 0.35241100190964053 0.669815797382225 0.036155676002545344 0.019168170671545325
0 0.346960433243186 0.668189662714816 0.03775453866963625 0.02231135200509051
0 0.24657172394177537 0.4318334447008166 0.0392988573360908 0.020767033338636054
0 0.2647404686107753 0.41485503003658925 0.03769999466899989 0.01762385200509069
0 0.37837570727245734 0.45290101738540667 0.026835220003181705 0.02374658267027243
0 0.3876779819382755 0.4592601053866794 0.028324994668999893 0.017514764003817972
0 0.18994845926163967 0.5304067573599534 0.025199994668999894 0.017478401336727067
0 0.23610639127150285 0.45827776603277126 0.03619203866963616 0.022293170671545327
0 0.2631683306015485 0.4828146893698165 0.039317038669636165 0.022329533338636055
0 0.20361096992363986 0.5649453893618623 0.033048857336090795 0.020694308004454244
0 0.044573419279138854 0.3997914620066815 0.029905676002545335 0.019095445337363424
0 0.2516404846037756 0.4662720793682256 0.029942038669636163 0.022220445337363514
0 0.11929960459104894 0.5584948473504083 0.02205681333545444 0.01587953866963616
0 0.1138217639242762 0.5592124626829993 0.023619313335454438 0.015897720003181702
0 0.41711039592618526 0.5486771413908155 0.04244203866963621 0.022365896005727137
0 0.7691156018857781 0.8504696447724042 0.029905676002545435 0.019095445337363515
0 0.0453728506126843 0.39823805267345425 0.028343176002545344 0.019077264003817974
0 0.0003159839672287804 0.4914426126670909 0.0006319679344575608 0.01726022533418181