0 0.225 0.446875 0.01640625 0.03515625
0 0.2140625 0.4640625 0.01875 0.059375
0 0.25703125 0.85625 0.02109375 0.0328125
0 0.25546875 0.825 0.01953125 0.028125
0 0.2546875 0.7984375 0.02109375 0.03046875
0 0.2 0.61640625 0.0171875 0.0453125
0 0.1921875 0.57265625 0.015625 0.0390625
0 0.18046875 0.5703125 0.0140625 0.046875
0 0.7015625 0.3359375 0.009375 0.0484375
0 0.69296875 0.33671875 0.01015625 0.05234375
0 0.67890625 0.02265625 0.01328125 0.0453125
0 0.5078125 0.51484375 0.01328125 0.04296875
0 0.5046875 0.41171875 0.01640625 0.04453125
0 0.4515625 0.03046875 0.01015625 0.0453125
0 0.4125 0.1796875 0.01328125 0.04453125