0 0.5816304453276876 0.6708356180384663 0.02563772878817261 0.008539925705962936
0 0.5648415580547839 0.6656707449189281 0.03890300333398002 0.018278638558944495
0 0.4923129827503724 0.6269288421742187 0.022640274545807238 0.010011497492717503
0 0.49389145820456515 0.6176220383341529 0.027837957576345218 0.016397889812585477
0 0.41788719653563555 0.5553971714828208 0.04464282030344169 0.012210494985435005
0 0.42233558047455927 0.5430562958560001 0.021205320303441865 0.011528533386094964
0 0.509357090476499 0.5970283935070023 0.028220594849248926 0.021085389812585474
0 0.5003648566873564 0.5632527870805115 0.0434629575763454 0.016852530878812288
0 0.4852500397178946 0.5690481460142848 0.039285640606883554 0.022966138558944315
0 0.5381039727484327 0.5768211935861446 0.054400457576345394 0.017170779625171308
0 0.5245995821415492 0.5546052127864745 0.03721295757634522 0.016670674452321777
0 0.544226555928752 0.5372502282258806 0.029017820303441865 0.011755853919208192
0 0.5432061898676758 0.5247502282258807 0.03552291181871077 0.01506271034569906
0 0.5602023712312241 0.5229065833987302 0.03227036606107632 0.013409282132453626
0 0.600572279715955 0.5209636501709198 0.02576527454580706 0.010102425705962936
0 0.6098835068371377 0.520455184810656 0.048278003333979844 0.018551423198680438
0 0.6244881407760614 0.5084098258768828 0.03890300333398002 0.018278638558944495
0 0.614013026381975 0.5042080591838353 0.021077774545807237 0.009966033386094964
0 0.5971603662302541 0.49826193606429714 0.041517820303441866 0.012119566772189571
0 0.5915002975938023 0.4957590616911178 0.02107777454580706 0.009966033386094964
0 0.27946126488222334 0.902876262074194 0.03852036606107632 0.013591138558944494