0 0.6994517914024484 0.9557219842570313 0.0319045649348082 0.03877333992388756
0 0.4270247812528834 0.43879317494204084 0.017951159090609535 0.04445033695813834
0 0.40028104910979084 0.40330400250863896 0.021048885551659246 0.04301517095052709
0 0.36115431940233034 0.4501816611018764 0.01937729139585782 0.03670150395433254
0 0.37708941640080074 0.7017905820524035 0.024228432629559826 0.04626750494291585
0 0.3795928534945875 0.6479479990485979 0.027353432629559825 0.046394838935304605
0 0.7345236355549545 0.469304323192336 0.033685253246410876 0.05133700692008212
0 0.8636093433483178 0.643434184370762 0.027353432629559648 0.046394838935304605
0 0.7008674301972231 0.3819343157779621 0.025763659090609535 0.04476867193911023
0 0.8146589691574491 0.26773650600586113 0.0210216120127086 0.04145267095052709
0 0.9610509537361736 0.3909723706443283 0.033685253246410696 0.05133700692008221
0 0.9629970576312076 0.23469053714623112 0.02738070616851047 0.04795733893530461
0 0.9687745357204054 0.9338602076024667 0.03206820616851047 0.04814833992388756
0 0.968848042616969 0.5265424561195918 0.04152502678536152 0.053217841901054184