0 0.5392235560030592 0.5448642847169248 0.017732970779006863 0.032653003333980024
0 0.5492843486167329 0.5402245821415492 0.00967500892845372 0.01795277454580706
0 0.6048621927725343 0.5510024565375753 0.012963650162155815 0.027582866061076315
0 0.6096724236978108 0.5584163438104788 0.008085235389503431 0.016262728788172608
0 0.5597912004831721 0.6058336066873564 0.01776024431795715 0.034215503333979845
0 0.5922082341683922 0.5858558175976817 0.016197744317956973 0.0340879575763454
0 0.575112237414803 0.6343890413848845 0.016334112012708957 0.04190045757634522
0 0.540341771100023 0.6089267847169249 0.0175420560063543 0.021715503333980025
0 0.5107594111159092 0.6572208924430513 0.011482970779006863 0.032142820303441864
0 0.4996173595737815 0.6446093221396095 0.016143197240056396 0.030962957576345394
0 0.5007668023496111 0.6657668450184268 0.014580697240056395 0.030835411818710766
0 0.5633525771063775 0.6310886982026255 0.006522735389503431 0.01613518303053816
0 0.5559219066516823 0.6523259694144528 0.01126478246740419 0.019642820303441867
0 0.5518247418790299 0.6410696050203665 0.014526150162155815 0.027710411818710767
0 0.5335559829505762 0.6224153288075693 0.020748876623205348 0.026658094849248925
0 0.6277911781620377 0.568476870023276 0.0064136412337020944 0.009885183030538158
0 0.6176076546230874 0.5660853225986515 0.014498876623205348 0.02614791181871077
0 0.6125207341683921 0.5875139124469306 0.016225017856907442 0.03565045757634522
0 0.620646879866321 0.6061203912351033 0.014444329545304769 0.023022911818710766
0 0.6129434740221225 0.6117326624469307 0.011155688311602675 0.013392820303441865
0 0.8460000669634031 0.1977809591226491 0.01776024431795733 0.034215503333979894