0 0.40233694045121526 0.9354364623677249 0.022529971463952768 0.01508134449948173
0 0.4013202500045092 0.9237904869748306 0.031832196856846906 0.013955492142117266
0 0.37088369499932927 0.7069326267595829 0.02096747146395277 0.015008569892376223
0 0.37135672994551727 0.6967763767595829 0.021040246071058633 0.016571069892376222
0 0.37935762862160977 0.5919433275453713 0.019332196856846905 0.01337329528527036
0 0.34784430128563554 0.7329514712590649 0.01606164764263518 0.010102746071058632
0 0.34982417825010625 0.7406548093484062 0.01449914764263518 0.010029971463952592
0 0.4238654156347124 0.38952464888548943 0.024019696856846906 0.01359161910658786
0 0.5169240568672068 0.400001922459138 0.033321922249741044 0.01246576674922295
0 0.510327300457066 0.42447538358400844 0.03495719685684691 0.014101041356328992
0 0.6118234880082879 0.32074460794344534 0.04960189371369381 0.027256012820281582
0 0.6192785771310865 0.22763030872923365 0.036810795285270356 0.020423815963434677
0 0.6321788374701687 0.21845436187238673 0.04120719685684691 0.014392139784752267
0 0.5560358684874153 0.1962754549241267 0.04604024607105863 0.017735463606069857
0 0.49380769623767434 0.21008755190480805 0.03190497146395277 0.015517992142117087
0 0.592664727254921 0.17975788896069197 0.04120719685684691 0.014392139784752267
0 0.6134502622011091 0.16865556906831583 0.05065497146395259 0.016391287427387446
0 0.6337820328792734 0.1505583864794926 0.025582196856846907 0.013664393713693723
0 0.5968085717544029 0.15773733974648024 0.041352746071058634 0.017517139784752268
0 0.5550705279168747 0.23373906762057378 0.03190497146395277 0.015517992142117087
0 0.5667593527716497 0.13341158188859742 0.03041524607105863 0.01700771753501127
0 0.6020804226640257 0.11149804053226856 0.039644696856846906 0.014319365177646448
0 0.6682148449137667 0.09750400703382253 0.04604024607105863 0.017735463606069857
0 0.6820419044670607 0.08516667287342275 0.04909247146395277 0.016318512820281583
0 0.6947067243594368 0.06430836332012882 0.06039384449948208 0.02464043507002258
0 0.6229066530193187 0.03257251985410411 0.04625856989237605 0.022422963606069858
0 0.6266480831269424 0.05266669603278653 0.03822774607105863 0.01737159057054058
0 0.6169263267168017 0.07728570637186875 0.042696922249740865 0.012902414391858153
0 0.6306806116629897 0.06651087221146897 0.047675520678164496 0.01937073821317572
0 0.6105136608772015 0.06433194210384512 0.035102746071058635 0.01722604135632886
0 0.5803552799837893 0.04234993424596226 0.04931079528527036 0.021006012820281583
0 0.5796275339127307 0.05797493424596226 0.038154971463952594 0.015809090570540564
0 0.5747195560386372 0.09640173346017397 0.02699914764263518 0.010612168320799586
0 0.5812970417706136 0.08907938503175054 0.032050520678164496 0.01864299214211713
0 0.5930157917706136 0.08853357547845661 0.030342471463952768 0.015445217535011291
0 0.565453717949296 0.09449463110280912 0.039863020678164496 0.019006865177646427
0 0.551391217949296 0.09514960256676183 0.04276969685684691 0.01446491439185813
0 0.5590774394132488 0.08075961683478547 0.038082196856846905 0.014246590570540585
0 0.565727699752331 0.07187476840636206 0.042915246071058635 0.01758991439185815
0 0.5495761608772015 0.06717015178097355 0.038082196856846905 0.014246590570540563
0 0.5453253085198366 0.05801347560229112 0.028852746071058633 0.016934942927905428
0 0.5297687750213906 0.12422067245913797 0.0443321968568469 0.014537688998963993
0 0.5297858916467791 0.14059053515558503 0.03971747146395277 0.015881865177646403
0 0.5049914069482601 0.05365561538704342 0.038154971463952594 0.015809090570540578
0 0.5040838784122128 0.03966588999414927 0.04284247146395259 0.016027414391858154
0 0.4845697450376013 0.056945435279419566 0.03495719685684691 0.014101041356328859