0 0.37598699257396984 0.7983046372269911 0.014935519237293703 0.02581904735504672
0 0.31701378585788065 0.7456038424321931 0.015699411069925694 0.04769404735504672
0 0.3616814782308176 0.4935107214137407 0.01342758293962456 0.027290542093374802
0 0.3510440785936373 0.4855540082454436 0.015208337748947986 0.03363154735504672
0 0.4591913621740833 0.7599331109892191 0.01844246515360979 0.0369385578783902
0 0.45946418068573747 0.752120610989219 0.008630955534962936 0.02389252630835923
0 0.3627355467424719 0.48565271878290484 0.011428573320977709 0.014699536831702886
0 0.38598452986743087 0.6682986188111396 0.013263891832631991 0.022603042093374805
0 0.396103574332468 0.6910990819794367 0.011646828130301134 0.020949536831702885
0 0.40358869211848286 0.7000190556710775 0.013373019237293704 0.025728042093374804
0 0.3997742113557766 0.6752920714560929 0.009975200725639422 0.017733531570031148
0 0.4073138928441223 0.6826495451477337 0.006959328130301046 0.020676521046687314
0 0.5562821609002897 0.5694985558122518 0.008685519237293705 0.02545502630835923
0 0.5507042834956278 0.5729420742281033 0.00841270072563951 0.01764252630835923
0 0.5295014060909662 0.5772956452606731 0.009920637023308565 0.016171031570031146
0 0.5060291897562301 0.5350017294474227 0.00997520072563951 0.017733531570031148
0 0.5249155990120574 0.5300034163073606 0.012083337748947898 0.03344953683170289
0 0.5180753219702153 0.524944189984884 0.015481156260602268 0.04144404735504672
0 0.4112424794119439 0.5701495451477337 0.013536710344286362 0.030415542093374805
0 0.40157235744957787 0.4451873425027804 0.015099210344286185 0.03050654735504672
0 0.39556789411006665 0.43852011354946774 0.01202877404661713 0.03188703683170289
0 0.40947662668687157 0.41977781882525705 0.012137901451278844 0.035012036831702883
0 0.4152727589008567 0.4100843004094056 0.012247028855940556 0.038137036831702886
0 0.5177926128918735 0.3097742162932432 0.00830357332097762 0.01451752630835923
0 0.538286162166234 0.3257331452606732 0.008249009618646852 0.01295502630835923
0 0.5492509440173994 0.32431485842897023 0.008467264427970278 0.01920502630835923
0 0.5473982673383772 0.31038886632147805 0.011592264427970279 0.019387036831702887
0 0.6429240768643568 0.18709630851367484 0.00841270072563951 0.01764252630835923
0 0.6618104861201839 0.18209799537361268 0.00890377404661713 0.03170502630835923
0 0.4754935294040947 0.13681412940507048 0.01202877404661713 0.03188703683170298
0 0.4682167427436058 0.14425490308259378 0.008630955534962936 0.02389252630835923
0 0.44104909673462267 0.05149825568519486 0.008467264427970278 0.01920502630835925
0 0.5664310426509387 0.03328033475144694 0.005233137023308565 0.01589801578501555
0 0.5622519741392844 0.04132034790562657 0.006686509618646852 0.012864021046687402
0 0.5907415618882323 0.010234760805692375 0.010302582939624471 0.02046952161138475
0 0.5993625937393977 0.010052750282348677 0.015044646641955418 0.020105500564697353
0 0.6897742510963083 0.36368962961683204 0.013318455534962758 0.024165542093374803
0 0.6884572877567972 0.35674938487850383 0.013154764427970278 0.019478042093374802
0 0.6731547246874385 0.23679320064940193 0.011810519237293704 0.025637036831702886
0 0.539831303998866 0.30381264262983726 0.011592264427970279 0.019387036831702887
0 0.399412179041275 0.14982163459615516 0.010029764427970277 0.019296031570031104