0 0.2061015717177277 0.36189265829372536 0.026835210772388506 0.04888778589277143
0 0.43821918012898403 0.3591541315245163 0.023719301131468206 0.05021348755244537
0 0.620986228333586 0.3374889286154425 0.019022710772388506 0.04829579004195628
0 0.4836453096174793 0.3752518055897886 0.014217036104353653 0.027628092531467186
0 0.4969356499765588 0.3758079126434029 0.015779536104353654 0.027746491701630304
0 0.5257828126425415 0.36346127799538697 0.023610216822512697 0.031463487552445366
0 0.486561231358648 0.33907750724946256 0.020476126463433175 0.02966418921211931
0 0.5045617976154266 0.3431846667925878 0.018940897540672096 0.03423329004195628
0 0.5233208879745064 0.3433263767506315 0.014217036104353653 0.027628092531467186
0 0.48961805366555095 0.32712195890913653 0.015743174668035032 0.021496491701630305
0 0.5162760024358869 0.3415154230163651 0.017360216822512698 0.030989890871793248
0 0.543451580792914 0.3105371875385122 0.01585225897699054 0.040246491701630215
0 0.5512459000747547 0.3068201916876971 0.015861349336070064 0.041808991701630306
0 0.5434015838179761 0.3019434375385122 0.019004530054229286 0.045170790041956274
0 0.6205862525340827 0.2687389286154425 0.018886355386194254 0.024858290041956277
0 0.9413522287263694 0.05372369956185957 0.017332945745273776 0.026302390871793268
0 0.9468391594445287 0.056434302466288985 0.015761355386194255 0.02462149170163024
0 0.862291442622016 0.03314035765509228 0.011046584308955332 0.01957879419114117
0 0.8818136022629363 0.030097868028054482 0.00791249394987581 0.01777949585081512
0 0.8740420088787946 0.0377211138788696 0.00793067466803521 0.02090449585081512
0 0.8677783733401752 0.0358509605595217 0.00791249394987581 0.01777949585081512
0 0.7935485922057912 0.7113021690676729 0.03471134328594587 0.060417281743586494
0 0.6600840480082102 0.07191055019120388 0.011010222872636888 0.013328794191141169
0 0.650690867290051 0.06949594521218203 0.014144313231716587 0.01512809253146723
0 0.6490920058537325 0.06336434438234505 0.011001132513557365 0.011766294191141169
0 0.6592709817514315 0.06650099977628539 0.012581813231716588 0.0150096933613042