0 0.17890625 0.69375 0.02109375 0.0578125
0 0.109375 0.9703125 0.034375 0.059375
0 0.37421875 0.46015625 0.009375 0.02578125
0 0.3734375 0.653125 0.01484375 0.04921875
0 0.37109375 0.64453125 0.0140625 0.05390625
0 0.5765625 0.47265625 0.00859375 0.0171875
0 0.64609375 0.434375 0.00703125 0.01328125
0 0.7046875 0.428125 0.00625 0.01015625
0 0.765625 0.41171875 0.0046875 0.009375
0 0.76953125 0.409375 0.00390625 0.009375
0 0.596875 0.36015625 0.00390625 0.00859375
0 0.590625 0.36640625 0.003125 0.0078125
0 0.58828125 0.36640625 0.00390625 0.01015625
0 0.46640625 0.39921875 0.0046875 0.01015625
0 0.48515625 0.39921875 0.00390625 0.01171875
0 0.49609375 0.3984375 0.00546875 0.0140625
0 0.47578125 0.41875 0.00625 0.0171875
0 0.484375 0.41875 0.0046875 0.0171875
0 0.503125 0.4078125 0.00625 0.015625
0 0.50390625 0.40625 0.00390625 0.00859375
0 0.51875 0.4015625 0.00390625 0.0140625
0 0.5328125 0.4 0.00546875 0.015625
0 0.5375 0.40078125 0.00390625 0.015625
0 0.51171875 0.39921875 0.00390625 0.01171875
0 0.54609375 0.40234375 0.00390625 0.01015625
0 0.5484375 0.39453125 0.00390625 0.015625
0 0.55234375 0.39453125 0.00546875 0.0140625
0 0.55 0.40546875 0.00234375 0.0078125
0 0.5625 0.3921875 0.00390625 0.01328125
0 0.56171875 0.3859375 0.00390625 0.0125
0 0.54453125 0.37890625 0.00390625 0.00859375
0 0.5078125 0.3984375 0.00390625 0.01328125
0 0.671875 0.41171875 0.0046875 0.01640625