0 0.5690393628300783 0.7992355300284768 0.05992047077900686 0.032286394480112966
0 0.49225076623864494 0.7213093530809598 0.09284206493480802 0.03910913879807012
0 0.25644963393339665 0.7093785486994585 0.04566705600635448 0.021103432629559826
0 0.21430304424182217 0.7062984131477993 0.03936250892845374 0.01786933847375849
0 0.24429055317027593 0.6896291103878558 0.0393897824674041 0.01943183847375849
0 0.22705818872193512 0.647127964689927 0.025163641233702093 0.009811376623205349
0 0.4796412666423867 0.4139644573830309 0.053670470779006864 0.03217730032431145
0 0.4929713352306429 0.5009423060030592 0.0692681972400564 0.030887535713814883
0 0.4718094013832671 0.5044803632272294 0.0803420649348082 0.03889095048646744
0 0.43826583888079557 0.14284738798399588 0.04610343262955983 0.04610343262955987
0 0.14014279545963818 0.7464228068171334 0.018940914772652383 0.01126478246740419
0 0.14429450731019125 0.7324284906645092 0.020476141233702005 0.009729556006354301
0 0.11100472037856028 0.759199496346552 0.017296594155801336 0.006550008928453721
0 0.11870021794292832 0.6764960905023534 0.012609094155801337 0.006468188311602674
0 0.11953601502082897 0.6733847272718286 0.009484094155801337 0.0064136412337020944
0 0.13907694765038886 0.6283995097392326 0.014198867694751715 0.00805796185055314
0 0.17915429708119596 0.4813978246740408 0.01735114123370205 0.00967500892845372
0 0.2077878116916926 0.49752738514462214 0.02047614123370207 0.009729556006354301
0 0.20943213230854357 0.49286715868357245 0.022038641233702073 0.009756829545304768
0 0.21422872646434493 0.4866989793004235 0.017296594155801336 0.006550008928453721
0 0.21779010308755042 0.46175352637832406 0.018913641233702094 0.009702282467404188
0 0.40573398255012966 0.21573941720498907 0.033248876623205394 0.02557274431795715
0 0.3960392029220993 0.010038842123911184 0.048546594155801336 0.007095479707460539