0 0.3859375 0.9171875 0.0171875 0.04296875
0 0.42421875 0.76171875 0.0109375 0.0390625
0 0.44296875 0.753125 0.01171875 0.04453125
0 0.5375 0.70703125 0.01328125 0.040625
0 0.43203125 0.44453125 0.00625 0.02890625
0 0.4375 0.44609375 0.00859375 0.034375
0 0.45 0.44453125 0.00859375 0.0203125
0 0.38984375 0.6484375 0.0125 0.03046875
0 0.55859375 0.57265625 0.009375 0.03203125
0 0.56640625 0.5546875 0.00859375 0.03515625
0 0.57421875 0.56015625 0.00625 0.01875
0 0.43203125 0.7078125 0.009375 0.03203125
0 0.4234375 0.75859375 0.0046875 0.01640625
0 0.40234375 0.35390625 0.0109375 0.03515625
0 0.42109375 0.29921875 0.00859375 0.0203125
0 0.503125 0.35625 0.0078125 0.034375
0 0.4546875 0.325 0.0046875 0.01484375
0 0.46171875 0.3296875 0.00546875 0.021875
0 0.45859375 0.3140625 0.0046875 0.01640625
0 0.46171875 0.31796875 0.00625 0.01875
0 0.503125 0.35 0.0046875 0.0140625
0 0.4125 0.203125 0.0046875 0.0125
0 0.41171875 0.21171875 0.00546875 0.028125
0 0.41640625 0.2109375 0.0078125 0.03203125
0 0.453125 0.24140625 0.0046875 0.02421875
0 0.53125 0.23125 0.00703125 0.01640625
0 0.546875 0.23203125 0.00546875 0.0328125
0 0.55234375 0.23359375 0.00625 0.03046875
0 0.45 0.18828125 0.00546875 0.03203125
0 0.45703125 0.1875 0.00625 0.03046875
0 0.44140625 0.1625 0.00546875 0.03046875
0 0.44609375 0.1640625 0.00390625 0.0265625
0 0.525 0.09921875 0.0046875 0.0125
0 0.48046875 0.01484375 0.00390625 0.01796875
0 0.4859375 0.01171875 0.00390625 0.02265625
0 0.609375 0.02890625 0.0046875 0.01875
0 0.61640625 0.03125 0.00625 0.03203125