0 0.47265625 0.834846642253361 0.0453125 0.07944345909205772
0 0.5015625 0.8583439782258807 0.040625 0.07461956677218992
0 0.40390625 0.8039399715619631 0.0484375 0.07015938730530316
0 0.5 0.7450172641192581 0.0265625 0.060147889812585474
0 0.5015625 0.6653752282258807 0.0328125 0.05407974623907634
0 0.55 0.6738158655311837 0.0296875 0.05398881802583091
0 0.57890625 0.7145007015037034 0.03125 0.05403428213245363
0 0.64609375 0.7523931580884786 0.046875 0.08105142319868044
0 0.64609375 0.7687994080884787 0.0359375 0.051045674452321776
0 0.625 0.7228731426490724 0.03125 0.04778428213245363
0 0.65234375 0.6994500145149694 0.0265625 0.04764788981258548
0 0.6703125 0.7218478517411302 0.0375 0.041716138558944495
0 0.56875 0.6485801848106559 0.053125 0.051545779625171304
0 0.578125 0.6347904694503921 0.01875 0.03179556927947225
0 0.58515625 0.6139013079301942 0.0203125 0.038091033386094965
0 0.6359375 0.6138163913954312 0.0265625 0.061710389812585476
0 0.65703125 0.6019301568348374 0.0359375 0.0494831744523216
0 0.64375 0.5882624619285446 0.025 0.046039925705962756
0 0.63203125 0.5762027311288745 0.0203125 0.04277853338609496
0 0.60625 0.5582650733696003 0.0203125 0.03652853338609478
0 0.62109375 0.5594782323825157 0.028125 0.04300585391920819
0 0.61328125 0.5092509118494023 0.0234375 0.04443196159934022
0 0.69375 0.5928423133404704 0.0359375 0.057295674452321775
0 0.653125 0.5252539965682808 0.01875 0.03960806927947225
0 0.66015625 0.5238960850480827 0.021875 0.045948997492717504
0 0.61484375 0.471015125956025 0.0203125 0.028716033386094963
0 0.62890625 0.4620493029156291 0.0203125 0.027153533386094962
0 0.64453125 0.49219144398185594 0.028125 0.027380853919208192
0 0.64765625 0.4875948721951014 0.0265625 0.05077288981258547
0 0.6390625 0.4850010696086766 0.01875 0.03960806927947225
0 0.6609375 0.4965750671013941 0.01875 0.03960806927947225
0 0.36328125 0.7582266547897734 0.0421875 0.04654003087881229
0 0.41015625 0.7830280779884538 0.0453125 0.06538095909205772
0 0.271875 0.7399420045523465 0.040625 0.06524456677218975
0 0.29296875 0.7507120199917526 0.0359375 0.06823317445232177
0 0.3015625 0.7275245725781774 0.0296875 0.07117631802583091
0 0.37109375 0.6975164753228867 0.0375 0.0667161385589445
0 0.32265625 0.6218883380175837 0.034375 0.05100021034569906
0 0.26640625 0.6218141301791672 0.028125 0.05081835391920819
0 0.25546875 0.5652458814328083 0.0296875 0.04617631802583091
0 0.33515625 0.5995958008705651 0.0328125 0.050954746239076344
0 0.24765625 0.521268560899695 0.0375 0.043278638558944316
0 0.16796875 0.5814498914619383 0.0296875 0.05398881802583091
0 0.1734375 0.5652027658351176 0.040625 0.026182066772189573
0 0.13671875 0.5586656093294846 0.03125 0.044659282132453626
0 0.2234375 0.48228261724704335 0.0375 0.04796613855894449
0 0.1921875 0.46652958511458975 0.0265625 0.03983538981258548
0 0.171875 0.42687605172849497 0.040625 0.05274456677218975
0 0.190625 0.4141403710079671 0.01875 0.03960806927947225
0 0.18125 0.4068363363682311 0.0125 0.040988712852981425
0 0.25546875 0.38008963143280833 0.0390625 0.03238660266556703
0 0.21484375 0.33281381466061866 0.03125 0.022784282132453627
0 0.15546875 0.3435861786089568 0.0328125 0.03376724623907634
0 0.31015625 0.38324337516460216 0.028125 0.03206835391920819
0 0.34609375 0.42100779961692386 0.01875 0.03960806927947225
0 0.25703125 0.33560384553943107 0.0171875 0.03487510517284953
0 0.3140625 0.3505445354311589 0.0171875 0.02862510517284953
0 0.34453125 0.34908733551030113 0.0140625 0.033221676959604096
0 0.3828125 0.3798887061225569 0.0296875 0.02742631802583091
0 0.375 0.37497388558944345 0.0265625 0.021085389812585564
0 0.42578125 0.40145146905468054 0.01875 0.038045569279472204
0 0.4515625 0.43267037681395487 0.01875 0.03335806927947225
0 0.5046875 0.411559906439126 0.0171875 0.03643760517284953
0 0.54140625 0.399347062944759 0.0140625 0.033221676959604096
0 0.56875 0.34936143481065596 0.021875 0.0365739974927175
0 0.546875 0.34169368731793837 0.0109375 0.02844324874635884
0 0.53984375 0.3399265988381363 0.0140625 0.023846676959604095
0 0.5359375 0.3335629385715796 0.0125 0.022238712852981467
0 0.528125 0.32161686803846623 0.0109375 0.02844324874635875
0 0.52265625 0.32302024366528687 0.009375 0.019022784639736123
0 0.465625 0.32917330377355897 0.0109375 0.03000574874635884
0 0.44921875 0.32791468065402085 0.028125 0.03519335391920828
0 0.4484375 0.3489856986007095 0.0125 0.025363712852981467
0 0.46328125 0.41191760761362495 0.015625 0.027017141066226814
0 0.46953125 0.41991196404011577 0.0203125 0.038091033386094965
0 0.51171875 0.466451994918928 0.0234375 0.03505696159934022
0 0.5265625 0.5575089039318435 0.0375 0.035466138558944496
0 0.35703125 0.5049197983632826 0.0359375 0.029170674452321778
0 0.4171875 0.5949514164682558 0.0421875 0.03716503087881229
0 0.34296875 0.4732606214036785 0.0390625 0.03863660266556703
0 0.25234375 0.9378112032195631 0.059375 0.06579013605166181
0 0.22734375 0.9370837775136 0.040625 0.06368206677218993
0 0.165625 0.9446629453020041 0.040625 0.024619566772189926
0 0.296875 0.2867631802583094 0.015625 0.031704641066226814
0 0.40546875 0.4266416856685858 0.01875 0.036483069279472244
0 0.3984375 0.4240933471887837 0.0359375 0.033858174452321775
0 0.41875 0.5309343805748785 0.025 0.044477425705962935
0 0.45390625 0.5468010729738888 0.0234375 0.03974446159934022
0 0.4421875 0.5581788421742188 0.0328125 0.04626724623907634
0 0.43125 0.5781730934278599 0.0203125 0.03340353338609479
0 0.390625 0.6051160266556703 0.028125 0.04769335391920819
0 0.45234375 0.6123806088672662 0.025 0.04135242570596276
0 0.40625 0.6438519177218971 0.0296875 0.044613818025830906
0 0.4203125 0.6419173446815012 0.0234375 0.04599446159934022
0 0.4296875 0.6789088793212373 0.0453125 0.057568459092057725
0 0.44375 0.6761930562808415 0.028125 0.053943353919208195
0 0.3796875 0.5352665279093115 0.0203125 0.03496603338609496
0 0.371875 0.5280079573761981 0.0171875 0.03331260517284953
0 0.4 0.5100763112954063 0.0203125 0.016216033386094786
0 0.41015625 0.5205280779884538 0.0203125 0.03496603338609496
0 0.43828125 0.495565181907662 0.015625 0.039517141066226814
0 0.4453125 0.4887385203874642 0.01875 0.036483069279472244
0 0.36875 0.4544795291629528 0.01875 0.03960806927947225
0 0.3609375 0.45815845862983934 0.03125 0.035284282132453625
0 0.353125 0.45089988809672593 0.0171875 0.02706260517284953
0 0.2875 0.21539664561857333 0.025 0.046039925705962936
0 0.33515625 0.20193955087056512 0.015625 0.041079641066226816
0 0.3453125 0.19207881756361253 0.01875 0.0364830692794722
0 0.32734375 0.1790559803374517 0.0203125 0.030278533386094875
0 0.36875 0.17791702916295274 0.009375 0.022147784639736122
0 0.3453125 0.17957881756361252 0.0203125 0.030278533386094875
0 0.51015625 0.09609403081230539 0.0109375 0.02844324874635875
0 0.09375 0.19491534639736088 0.01875 0.04898306927947216
0 0.09921875 0.20679322077054024 0.0140625 0.039471676959604095
0 0.13125 0.18897523495630522 0.0171875 0.038000105172849484
0 0.2484375 0.2080100429530063 0.0203125 0.04434103338609487
0 0.23203125 0.19815766983346816 0.015625 0.03795464106622681
0 0.24140625 0.19374295447320425 0.01875 0.038045569279472155
0 0.29296875 0.1632120199917527 0.0140625 0.025409176959604096
0 0.21328125 0.11089335055399599 0.0171875 0.03643760517284948
0 0.20625 0.10365751207419391 0.01875 0.03648306927947216
0 0.1828125 0.1154755504748537 0.0140625 0.03790917695960414
0 0.16640625 0.18296692735531556 0.0171875 0.03331260517284949
0 0.1640625 0.21336748119538154 0.0234375 0.03661946159934022
0 0.49921875 0.5285882820659467 0.025 0.04447742570596276
0 0.62734375 0.4213788388090064 0.021875 0.03501149749271768
0 0.60703125 0.37938155542291163 0.021875 0.0428239974927175
0 0.70859375 0.7690554723533859 0.065625 0.05659699247815268
0 0.78203125 0.7383797853646519 0.0328125 0.04001724623907634
0 0.83671875 0.6977835290964457 0.04375 0.041897994985435005
0 0.76796875 0.5778143584050477 0.025 0.04447742570596276
0 0.7671875 0.5020103763517364 0.0265625 0.052335389812585474
0 0.728125 0.47899877368616933 0.0203125 0.045903533386094965
0 0.71953125 0.5428112210997447 0.0390625 0.04019910266556703
0 0.7390625 0.6480670224325282 0.0328125 0.04001724623907634
0 0.71484375 0.6332998287798766 0.025 0.038227425705962936
0 0.7875 0.6135389097378313 0.0296875 0.04773881802583091
0 0.84453125 0.5159795996295592 0.0296875 0.04930131802583091
0 0.82578125 0.521684030350087 0.0234375 0.04443196159934022
0 0.80625 0.5078344790173034 0.0265625 0.044522889812585474
0 0.80703125 0.4773884610706148 0.021875 0.04594899749271768
0 0.7953125 0.46767248027094466 0.015625 0.04264214106622681
0 0.8328125 0.45001361882988905 0.0328125 0.027517246239076344
0 0.7953125 0.43017248027094473 0.0359375 0.021358174452321778
0 0.77421875 0.3811212148315385 0.015625 0.03795464106622681
0 0.78203125 0.3938485353646519 0.009375 0.026835284639736123
0 0.7640625 0.3792631981384911 0.0203125 0.03652853338609487
0 0.734375 0.3658993801126601 0.0171875 0.03643760517284953
0 0.7265625 0.3609845595795467 0.0171875 0.03331260517284953
0 0.6859375 0.366052492807357 0.0234375 0.03349446159934022
0 0.6921875 0.41389059923384774 0.0171875 0.04112510517284953
0 0.6796875 0.41352688638086627 0.0171875 0.03643760517284953
0 0.715625 0.19582256083318797 0.0140625 0.030096676959604097
0 0.71171875 0.19180265056663126 0.0140625 0.030096676959604097
0 0.69453125 0.17958379539378175 0.0171875 0.03643760517284948
0 0.6875 0.17469170691397967 0.0140625 0.031659176959604095
0 0.67265625 0.18285354790106423 0.0203125 0.03496603338609487
0 0.678125 0.1744189222742436 0.0125 0.03317621285298147
0 0.75078125 0.23903300323219828 0.0203125 0.022466033386094784
0 0.746875 0.2365755929656416 0.0125 0.01755121285298138
0 0.72890625 0.23605275573948076 0.0203125 0.022466033386094875
0 0.71640625 0.22787654288649933 0.0140625 0.016034176959604095
0 0.71171875 0.21445890056663125 0.0234375 0.02099446159934022
0 0.71875 0.22091348904643332 0.021875 0.016261497492717502
0 0.7328125 0.17132266600603746 0.0109375 0.026880748746358752
0 0.6484375 0.12902385424841264 0.01875 0.02710806927947216
0 0.63671875 0.12555787344874256 0.015625 0.030142141066226813
0 0.615625 0.10228785800933635 0.0140625 0.02384667695960411
0 0.62734375 0.10184758880900646 0.0140625 0.02540917695960414
0 0.66875 0.11867738763450753 0.0140625 0.02853417695960414
0 0.68203125 0.1425013325408003 0.009375 0.02214778463973608
0 0.7578125 0.27126884171200033 0.0109375 0.019068248746358752
0 0.7328125 0.2666351660060374 0.00625 0.01111935642649069
0 0.71484375 0.3278310787798766 0.01875 0.038045569279472155
0 0.67578125 0.2696632261143096 0.0171875 0.03331260517284953
0 0.6078125 0.258310537476223 0.0171875 0.03018760517284953
0 0.60234375 0.24643266310304357 0.015625 0.030142141066226813
0 0.58125 0.3239438976636374 0.0234375 0.03349446159934022
0 0.6296875 0.27613453496894047 0.00625 0.01580685642649069
0 0.7140625 0.4254645967265652 0.0171875 0.03331260517284953
0 0.7265625 0.4375470595795467 0.0171875 0.04268760517284953
0 0.74296875 0.3942744326990849 0.0171875 0.03331260517284953
0 0.7515625 0.3867119852855096 0.0203125 0.03652853338609487
0 0.81484375 0.3690220316037282 0.028125 0.03831835391920828
0 0.71015625 0.5089446864600087 0.0203125 0.031841033386094966
0 0.69609375 0.44837925950040447 0.0171875 0.03018760517284953
0 0.8015625 0.9287918366974355 0.0328125 0.07282974623907634
0 0.7984375 0.8787009084841901 0.034375 0.04943771034569906
0 0.84765625 0.8981017778428043 0.0390625 0.04488660266556721
0 0.8765625 0.928630363815324 0.065625 0.07222199247815268
0 0.93828125 0.8390199460269201 0.0390625 0.07144910266556721
0 0.95390625 0.7558808370931469 0.03125 0.03840928213245363
0 0.88515625 0.7460679164017489 0.040625 0.058994566772189574
0 0.934375 0.6818750357603633 0.0296875 0.05398881802583091
0 0.9078125 0.6193833959477777 0.0328125 0.05564224623907634
0 0.871875 0.5831814714954561 0.021875 0.03969899749271768
0 0.8484375 0.5528120098961159 0.0328125 0.04782974623907634
0 0.91171875 0.5476220562143345 0.0265625 0.046085389812585476
0 0.97109375 0.5727871922659963 0.0296875 0.052426318025830906
0 0.97109375 0.5188809422659963 0.0578125 0.029807171945039103
0 0.909375 0.45380386005440043 0.025 0.04135242570596294
0 0.91953125 0.4283181267474479 0.025 0.03041492570596276
0 0.90859375 0.42096862800108903 0.025 0.044477425705962935
0 0.9046875 0.4388237177345323 0.015625 0.027017141066226814
0 0.92890625 0.44577841138718394 0.0265625 0.019522889812585653
0 0.953125 0.4574206050398355 0.025 0.042914925705962934
0 0.9484375 0.44634671271996745 0.034375 0.04943771034569906
0 0.96875 0.45709399610606233 0.0234375 0.04443196159934022
0 0.98671875 0.4427730833322231 0.0265625 0.05077288981258547
0 0.971875 0.42671617431930764 0.021875 0.0271989974927175
0 0.95546875 0.4192075511997695 0.015625 0.023892141066226814
0 0.95625 0.3770427832530808 0.025 0.044477425705962935
0 0.94375 0.3954290704000994 0.025 0.038227425705962936
0 0.99375 0.3921964218120252 0.0125 0.03630121285298147
0 0.98828125 0.41000604743884583 0.0234375 0.03193196159934022
0 0.99375 0.41407142181202516 0.0125 0.026926212852981378
0 0.99609375 0.4860146179719592 0.0078125 0.023664820533113407
0 0.9484375 0.48853421271996744 0.0203125 0.020903533386094787
0 0.99375 0.37188392181202523 0.0125 0.030051212852981467
0 0.9640625 0.32258260378619424 0.015625 0.027017141066226814
0 0.93203125 0.35290058960042925 0.01875 0.03960806927947225
0 0.89296875 0.3166077369348622 0.0140625 0.025409176959604096
0 0.90859375 0.28034362800108903 0.01875 0.03960806927947225
0 0.8359375 0.3219795470431344 0.021875 0.0365739974927175
0 0.82578125 0.31621528035008695 0.01875 0.03335806927947216
0 0.82109375 0.31217263803021894 0.0140625 0.033221676959604096
0 0.8171875 0.30815272776366226 0.0140625 0.030096676959604097
0 0.8265625 0.2842067624033983 0.0125 0.022238712852981467
0 0.80703125 0.2656697110706148 0.01875 0.038045569279472155
0 0.7890625 0.31905312384445395 0.0203125 0.03496603338609487
0 0.8640625 0.2727979009623427 0.009375 0.020585284639736124
0 0.69921875 0.2875326877136498 0.0140625 0.017596676959604096
0 0.73515625 0.2846721121659715 0.0125 0.019113712852981378
0 0.5359375 0.24606293857157963 0.0125 0.026926212852981468
0 0.5421875 0.23061979499807034 0.015625 0.025454641066226812
0 0.56953125 0.22985291686396728 0.0140625 0.025409176959604096
0 0.52890625 0.28335835009177757 0.0109375 0.026880748746358752
0 0.51953125 0.28464806545204147 0.0140625 0.028534176959604095
0 0.5265625 0.35516515393184356 0.0140625 0.026971676959604098
0 0.50078125 0.3856649961725693 0.01875 0.036483069279472244
0 0.44921875 0.37869593065402085 0.01875 0.025545569279472158
0 0.47890625 0.37252849867985177 0.0171875 0.03331260517284953
0 0.4734375 0.11611937430667237 0.0109375 0.026880748746358752
0 0.58203125 0.7942791297169487 0.0640625 0.05655152837152997
0 0.5578125 0.8076369360642971 0.0625 0.07213106426490726
0 0.51171875 0.797701994918928 0.034375 0.04631271034569906
0 0.51953125 0.7940230654520415 0.034375 0.06506271034569906
0 0.43671875 0.9377072178010394 0.046875 0.07167642319868044
0 0.709375 0.9716299252437445 0.05625 0.05674014951251109
0 0.68359375 0.9717818636839753 0.0375 0.05643627263204927
0 0.72734375 0.874288541632858 0.059375 0.07360263605166181
0 0.73203125 0.8564561839527262 0.0296875 0.04617631802583091
0 0.78359375 0.7946752494712745 0.04375 0.062210494985435
0 0.815625 0.7870135136570395 0.0296875 0.04773881802583091
0 0.9578125 0.7005257473597035 0.0359375 0.04635817445232178
0 0.9421875 0.6328836062934767 0.034375 0.05100021034569906
0 0.97109375 0.6087246922659963 0.0390625 0.033949102665567034
0 0.93515625 0.5662727678136747 0.0296875 0.04305131802583091
0 0.9546875 0.5629348191464582 0.0296875 0.04148881802583091
0 0.97578125 0.22604858458586435 0.015625 0.030142141066226813
0 0.98828125 0.23891229743884584 0.0234375 0.03036946159934022
0 0.80859375 0.6391526751772375 0.0328125 0.04157974623907634
0 0.71171875 0.6894589005666312 0.034375 0.05725021034569906
0 0.8453125 0.3613148316828705 0.0203125 0.038091033386094875
0 0.85546875 0.40848534837591793 0.0171875 0.02706260517284953
0 0.39375 0.2966132048689157 0.0171875 0.03175010517284953
0 0.3109375 0.29654735721791353 0.01875 0.025545569279472158
0 0.31953125 0.3217974098043383 0.01875 0.03335806927947225
0 0.7796875 0.653936589204718 0.0296875 0.036801318025830906
0 0.7953125 0.6739224802709447 0.0296875 0.03367631802583091
0 0.609375 0.20679350158284562 0.0125 0.026926212852981468