0 0.9724968448145151 0.5789068753783709 0.026091138558944495 0.03910207279438911
0 0.9456986640939874 0.5584046082595078 0.03376724623907634 0.0349152205426357
0 0.9565990601747792 0.5872805798818778 0.03376724623907634 0.0349152205426357
0 0.9508264332943174 0.5704738116832804 0.031931961599340045 0.02544009099298634
0 0.4982352600291298 0.11959152066260743 0.00688649749271768 0.02227551819859732
0 0.5055847587754887 0.10910460363602939 0.008448997492717502 0.022375647748246595
0 0.5098403497625732 0.12424874228497731 0.00844899749271768 0.022375647748246585
0 0.5245931715493277 0.12832497300664586 0.011483069279472246 0.019450906847545246
0 0.5232807241357526 0.11963109345699655 0.009966033386094785 0.020913277297895938
0 0.5115165100291298 0.12044262183462666 0.00844899749271768 0.022375647748246585
0 0.4461415626155546 0.10764343074935516 0.009784176959604096 0.014663277297895938
0 0.4493347587754887 0.1054999398486538 0.009693248746358662 0.011538277297895938
0 0.5119494528903585 0.401462084357698 0.017778533386094964 0.021413925046142524
0 0.5052364516367174 0.39007400138427595 0.01143760517284953 0.01788840684754529
0 0.5186086298499627 0.3878001025562952 0.00987510517284953 0.01778827729789594
0 0.5238500593168494 0.39596305598006787 0.014698997492717502 0.02277616594684382