0 0.3015625 0.38984375 0.0296875 0.05625
0 0.43984375 0.309375 0.0203125 0.059375
0 0.53125 0.290625 0.01953125 0.04765625
0 0.62578125 0.203125 0.01484375 0.053125
0 0.58125 0.18359375 0.0140625 0.03828125
0 0.54453125 0.0625 0.0125 0.03984375
0 0.53125 0.08125 0.01171875 0.0359375
0 0.5203125 0.0859375 0.0125 0.040625
0 0.50625 0.0921875 0.01328125 0.0484375
0 0.44453125 0.171875 0.0125 0.05078125
0 0.42890625 0.1734375 0.015625 0.0359375
0 0.42109375 0.18125 0.0140625 0.03203125
0 0.484375 0.1359375 0.0125 0.04375
0 0.48359375 0.16171875 0.01328125 0.0359375
0 0.515625 0.1234375 0.01484375 0.0296875
0 0.5265625 0.13203125 0.01484375 0.0296875
0 0.91640625 0.7078125 0.0375 0.05078125
0 0.8703125 0.7140625 0.02734375 0.04765625
0 0.1953125 0.0140625 0.015625 0.028125
0 0.2046875 0.0140625 0.015625 0.028125
0 0.74609375 0.41875 0.0171875 0.03125
0 0.76875 0.41640625 0.01640625 0.03359375