0 0.4352193616327102 0.08785223361996464 0.1301420179539809 0.08871129788366643
0 0.5707796117309061 0.14159950270576008 0.08470225292686635 0.06313747091226488
0 0.6381029462362532 0.2469887622486578 0.0595568071815924 0.036096738790112326
0 0.6347325065411036 0.28943135376392687 0.08779998184962742 0.05870506242753404
0 0.6376257023845733 0.3290200122486578 0.08154089149054791 0.05663237939699588
0 0.6796177596643614 0.3591700267925253 0.07210225897699055 0.044929604851188645
0 0.4884927899149825 0.4606681092239386 0.15361587939029936 0.09687448424818434
0 0.6345865399149825 0.44874258088510965 0.06747839149054773 0.055484467578284936
0 0.5886927778147341 0.4181301807353283 0.10501475292686635 0.06479556576151388
0 0.5965916362259904 0.40264870194715563 0.10035452400410509 0.06910042848861023
0 0.45698073214421503 0.10559784301308114 0.13958065046753815 0.10041407242947367
0 0.3622489733636163 0.2820005884711533 0.17411927693097135 0.13134507909743345
0 0.3628393258229443 0.314749315592336 0.13324883723582168 0.08584138939893551
0 0.37555399102300957 0.025877425070041437 0.1441863372358217 0.051754850140082874
0 0.24309549414626752 0.09260286180901249 0.17723518657189175 0.1300376706127025
0 0.28662225946796976 0.26162405771642827 0.19444086729005097 0.13456567394668237
0 0.2821796782822723 0.3541304221105146 0.16776928298109556 0.11364739606689529
0 0.3145149344305924 0.43348321120018934 0.17564541549465282 0.1252226248550679
0 0.3404092930382405 0.5461586833204022 0.16769656010845857 0.10114739606689511
0 0.3913081968254284 0.6560121733184625 0.1771897347764936 0.12222517061270252
0 0.3652178746167214 0.7112416783194323 0.17243860226293634 0.11090503333979881
0 0.4014184741491832 0.7973068530150208 0.1833488311856975 0.10711035364324069
0 0.4213628146064587 0.8589300081657718 0.1960397287263694 0.140943219704317
0 0.4280622665000527 0.9153873022564165 0.1504817890312197 0.09505689273291544
0 0.4560645466524778 0.9341852286189948 0.19876475292686618 0.07244831121958625
0 0.7080224772724412 0.8456816116398347 0.09730224687674216 0.08134533697334093
0 0.666480913647941 0.6038766199747844 0.08154998184962743 0.058194879396995705
0 0.661157609393215 0.5793230301265052 0.0753545240041051 0.06705969636645773
0 0.6944377420049681 0.6304870463373626 0.06276362041330899 0.05041433030538141
0 0.7108859403825207 0.3534941116398346 0.054832945745273774 0.029464101517208796
0 0.3981784247662309 0.024028011584340675 0.09881020472226432 0.04805602316868135
0 0.34686032269968636 0.2426510460474986 0.0941136143631847 0.07015274545807211