0 0.2574047744662912 0.599279826095116 0.04590236188449896 0.05607503737886681
0 0.33337169476487893 0.5690899455211836 0.04165190445914595 0.061997255447881726
0 0.370626040305733 0.6255695384641476 0.03126070767745457 0.06904493094224957
0 0.3141903700071452 0.6543936609923083 0.037040814114071986 0.08499771287323483
0 0.3087051945127774 0.6438932035669553 0.03871257475773371 0.08666947351689647
0 0.3009473248346083 0.6436582567852639 0.042744510895763276 0.07762225544788173
0 0.30071237805291695 0.6359003871070948 0.04016581411407198 0.0852162341605581
0 0.48860050812264627 0.6950629476148705 0.042198207677454566 0.06980975544788173
0 0.491031011476841 0.49353865244233364 0.025371340597175517 0.05152964901126431
0 0.6766732165564056 0.395817428421234 0.025262079953513705 0.04996714901126431
0 0.6652604691542956 0.4144963726050353 0.024060212873234656 0.03277964901126431
0 0.7423146420507734 0.4021113510656103 0.019481973516896466 0.03401436708027905
0 0.7484225304183759 0.38147106913462514 0.016903276735204996 0.0416083457929556
0 0.7513125836366846 0.3734946781691325 0.014138909654926124 0.02431158514929388
0 0.7233132697747141 0.38478173943321287 0.007561127723940686 0.019187042574646894