0 0.6884201153389441 0.20329997980840703 0.06822421034428636 0.03242518083635879
0 0.9790203226880057 0.14864029060627226 0.035739092558271325 0.04046317391627659
0 0.4171552066312712 0.39879025745155483 0.028670637023308566 0.01677100593149907
0 0.6286557018219477 0.4136671354358949 0.05528770072563951 0.019415844866803766
0 0.6186085792266095 0.4101282999606314 0.060193455534962935 0.0258568458553869
0 0.41406737904912416 0.621637508440138 0.019186509618646853 0.013264003954332715
0 0.3677256031884086 0.694073582546695 0.014335318511654283 0.00838550296574958
0 0.356086209541678 0.7585353305695287 0.012718254809323426 0.006759335969555025
0 0.3334820340437821 0.8233326596190016 0.01110119110699257 0.005133168973360825
0 0.33097459293678955 0.8279246591247101 0.00953869110699257 0.005069501977166624
0 0.2900023964723194 0.6345765657407811 0.009484127404661712 0.0035070019771662685
0 0.2980331512816428 0.628644900721753 0.009484127404661712 0.0035070019771662685
0 0.29736102868630454 0.6254880672236558 0.011046627404661714 0.003570668973360824
0 0.34337791153326186 0.4951439926228073 0.012663691106992569 0.005196835969555025
0 0.3411060834029607 0.5153928256266129 0.012663691106992569 0.005196835969555025
0 0.3399156056354793 0.5270797421285156 0.01595238221398514 0.01001166996194378
0 0.36330846561694585 0.5069091635733344 0.018968254809323425 0.007014003954332715
0 0.3629538015517953 0.5170654135733344 0.01891369110699257 0.005451503954332715
0 0.34899050527265957 0.5360554941056821 0.017460318511654284 0.008512836958138337
0 0.3474280052726596 0.5359918271094877 0.00953869110699257 0.005069501977166269
0 0.3413863363981856 0.5521752426228073 0.015734127404661714 0.003761669961943781
0 0.339278199374877 0.5677365756266128 0.017405754809323427 0.006950336958138337
0 0.339087226416719 0.5732053256266129 0.015843254809323425 0.006886669961943781
0 0.33931540490983986 0.5442672421285156 0.012718254809323426 0.006759335969555025
0 0.3403223442027339 0.5826439926228073 0.01266369110699248 0.005196835969555025
0 0.331674030500403 0.5838563241437381 0.017405754809323427 0.006950336958138337
0 0.3315376212445759 0.5877625741437381 0.015843254809323425 0.006886669961943958
0 0.34406490309574134 0.5874906601132932 0.007867063702330857 0.0018808349809718906
0 0.3279761116259291 0.6001352401513493 0.015843254809323425 0.006886669961943781
0 0.3209994253282599 0.5982862386684745 0.01422619110699257 0.00526050296574958
0 0.3138416897562302 0.5792179036875027 0.009538691106992481 0.005069501977166269
0 0.338670564165667 0.5403291586304185 0.015788691106992568 0.005324169961943781
0 0.34096220654645315 0.7211480771094876 0.017405754809323427 0.006950336958138337