0 0.0734375 0.97890625 0.02265625 0.02890625
0 0.07421875 0.96328125 0.02734375 0.040625
0 0.12265625 0.859375 0.01875 0.04296875
0 0.16171875 0.84921875 0.0171875 0.040625
0 0.4671875 0.95078125 0.01640625 0.03671875
0 0.475 0.92421875 0.01640625 0.03203125
0 0.525 0.6375 0.01171875 0.04453125
0 0.13359375 0.69765625 0.02109375 0.03203125
0 0.221875 0.43046875 0.0125 0.03828125
0 0.2328125 0.4203125 0.01328125 0.040625
0 0.43203125 0.27109375 0.00859375 0.0390625
0 0.42265625 0.25625 0.009375 0.03828125
0 0.4484375 0.23984375 0.0078125 0.0328125
0 0.46015625 0.2609375 0.00703125 0.034375
0 0.5015625 0.1671875 0.00625 0.03828125
0 0.4671875 0.16796875 0.00859375 0.034375
0 0.50703125 0.1703125 0.00859375 0.034375
0 0.52734375 0.12109375 0.0078125 0.0265625
0 0.53125 0.29453125 0.0109375 0.02265625
0 0.53359375 0.2546875 0.009375 0.01796875
0 0.52109375 0.17265625 0.00546875 0.01796875
0 0.29453125 0.121875 0.00859375 0.03046875
0 0.3296875 0.04921875 0.00859375 0.03046875
0 0.37890625 0.10625 0.00703125 0.028125
0 0.38515625 0.1078125 0.0078125 0.025
0 0.33984375 0.2 0.0078125 0.03203125
0 0.37734375 0.1 0.0046875 0.0140625
0 0.390625 0.0578125 0.00546875 0.0265625
0 0.40078125 0.05078125 0.00546875 0.025
0 0.39765625 0.075 0.00546875 0.028125
0 0.40703125 0.04921875 0.00390625 0.0125
0 0.42109375 0.059375 0.00703125 0.03046875
0 0.48515625 0.0796875 0.00546875 0.028125
0 0.48125 0.103125 0.00859375 0.02421875
0 0.48359375 0.09921875 0.009375 0.025
0 0.50546875 0.0375 0.0046875 0.021875
0 0.49921875 0.01484375 0.00625 0.02890625
0 0.415625 0.03515625 0.00625 0.028125
0 0.40546875 0.034375 0.00625 0.028125
0 0.38671875 0.046875 0.00546875 0.028125
0 0.40390625 0.07734375 0.00703125 0.025
0 0.4109375 0.0359375 0.00546875 0.02421875