0 0.5948041678629836 0.7825409060723528 0.05454365626060227 0.04402940468807692
0 0.5693651690441099 0.7014015276024377 0.05890377404661713 0.03495479333702498
0 0.6328175446346732 0.6657131539128845 0.07129464664195542 0.03263082973421945
0 0.6582739016209148 0.7250275971576243 0.08886409255827132 0.04466975478036197
0 0.6468006882814037 0.7313078755352544 0.08870040145127885 0.03998225478036197
0 0.6462649749418926 0.7382890607604298 0.07921627404661713 0.036256477482466035
0 0.637698506793058 0.7385195982373586 0.08691964664195542 0.033632125230712615
0 0.7167609802993702 0.5471517234680713 0.07005952885594055 0.04190570018457009
0 0.5050422302993702 0.5335841694905883 0.052380955534962935 0.02674177513842757
0 0.41945192676384024 0.33712137723329744 0.05221726442797028 0.02205427513842757
0 0.43782990453132165 0.3499916170542646 0.03195932813030104 0.02231509099298634
0 0.43189487386128267 0.26932260795496604 0.03497520072563951 0.01939035009228505
0 0.41136411905195924 0.2617709238095248 0.04596726442797028 0.021653756939830338
0 0.40187999164729754 0.25804514651162896 0.02376488221398514 0.010876943244739756
0 0.41148317014041835 0.2875021090347002 0.022256945916316086 0.012339313695090493