0 0.34609375 0.51953125 0.0078125 0.02265625
0 0.35078125 0.50390625 0.01484375 0.03671875
0 0.38671875 0.4359375 0.0078125 0.021875
0 0.39609375 0.4375 0.015625 0.02578125
0 0.4546875 0.36875 0.01015625 0.04296875
0 0.465625 0.37421875 0.009375 0.0203125
0 0.41640625 0.4546875 0.0171875 0.025
0 0.4484375 0.4484375 0.01015625 0.040625
0 0.44296875 0.43359375 0.0203125 0.03671875
0 0.43671875 0.484375 0.01484375 0.05234375
0 0.4578125 0.4734375 0.015625 0.034375
0 0.47578125 0.49296875 0.0078125 0.0265625
0 0.4875 0.49296875 0.01328125 0.03359375
0 0.48984375 0.51015625 0.0125 0.0296875
0 0.49296875 0.55 0.009375 0.0234375
0 0.49375 0.559375 0.0140625 0.04453125
0 0.50546875 0.57421875 0.01171875 0.0375
0 0.509375 0.5640625 0.0078125 0.01953125
0 0.515625 0.5484375 0.01171875 0.04140625
0 0.5171875 0.54296875 0.009375 0.0203125
0 0.1109375 0.20546875 0.0125 0.03515625