0 0.333977093361353 0.9207430968013618 0.06644335391920819 0.032713947033792934
0 0.04796904869248704 0.9787095080457717 0.04019910266556703 0.04179401609154354
0 0.5839985107540457 0.7245993423618863 0.028443248746358663 0.012904191585911207
0 0.372302492807357 0.7105757751457212 0.055233069279472156 0.022574122528160778
0 0.38252693896729106 0.7136297193295226 0.059920569279472244 0.022901904459146038
0 0.5650198755603136 0.5010690072125925 0.019022784639736123 0.010686127723940685
0 0.6041983843358023 0.4274019142696284 0.014335284639736124 0.010358345792955604
0 0.609342873910961 0.3630498371661063 0.012727320533113406 0.00868658514929388
0 0.6253793993794969 0.29790008456821615 0.011119356426490867 0.007014824505632155
0 0.627586757059629 0.2933764755337088 0.009465928213245434 0.003780563861970432
0 0.6870168960142846 0.4869897177400387 0.00951139231986815 0.005343063861970343
0 0.6801902344940868 0.4935292948435608 0.009465928213245434 0.003780563861970521
0 0.6810396806540208 0.4959276751653917 0.011073892319868151 0.005452324505632156
0 0.64820811177026 0.6269538000393409 0.01268185642649069 0.0071240851492937905
0 0.6483983283841652 0.6066959303611718 0.01268185642649069 0.0071240851492937905
0 0.6480573475844951 0.5949771803611718 0.015852320533113407 0.008905106436617415
0 0.6268188450772126 0.6153225313499074 0.018977320533113406 0.009123627723940686
0 0.6265460604374765 0.6059475313499074 0.018977320533113406 0.009123627723940686
0 0.6384550270513817 0.5865091164992015 0.017414820533113405 0.009014367080279228
0 0.6399947949980703 0.5858371271428631 0.009465928213245434 0.003780563861970521
0 0.6442049218785322 0.5697586590738484 0.01580685642649069 0.007342606436617416
0 0.6453127808123054 0.55424291971751 0.017414820533113405 0.009014367080279051
0 0.644372406439126 0.5487195393956792 0.015715928213245432 0.004217606436617416
0 0.6475572424116456 0.5777896803611717 0.01263639231986815 0.005561585149293791
0 0.6425371217993898 0.5392352787520174 0.012590928213245433 0.00399908514929379
0 0.651062675639456 0.5374924622921571 0.01732389231986815 0.005889367080279051
0 0.6509490153728992 0.5335862122921571 0.01580685642649069 0.007342606436617416
0 0.6384944794795219 0.5342746271428631 0.007903428213245434 0.003671303218308708
0 0.6529517845732291 0.5220313532576496 0.01580685642649069 0.007342606436617416
0 0.6600284986798517 0.5240855261541274 0.01419889231986815 0.005670845792955603
0 0.6683638359060126 0.5426005793724361 0.009465928213245434 0.003780563861970521
0 0.6484521526782023 0.5817505606830027 0.01580685642649069 0.007342606436617416
0 0.628380030416594 0.4010250845682162 0.01736935642649069 0.007451867080279184