2 0.5682477159672604 0.6636221709647859 0.3002810402527761 0.229211623699004
2 0.5655431970840679 0.5219669374731295 0.31254202283992144 0.195573608095172
2 0.5417449282008753 0.3814171805757245 0.2537402329258297 0.20339939620024125
2 0.41699391169253186 0.39808345940853973 0.2625353787873868 0.22255883197589005
2 0.1981398496158872 0.12907558910043765 0.19929175033868426 0.23482645861557022
2 0.38543180970179547 0.12151593424953991 0.23382388059640907 0.24303186849907982
2 0.5936128018998794 0.10889588591193433 0.22214939620024127 0.21779177182386866
2 0.3610615784734464 0.9004205653560049 0.21756371551297518 0.16722287878738698
2 0.161638110585622 0.9147674276350484 0.19371677973732643 0.15818207146044044
2 0.04730220940853973 0.934394932157604 0.09460441881707946 0.12727955223856355
2 0.8657965818643483 0.3527477894638658 0.22922491180407353 0.2410698145630355