2 0.5907044557045988 0.6734375 0.29174109981466556 0.2109375
2 0.6055159454529798 0.53828125 0.299806570958725 0.1734375
2 0.5982887440943683 0.3984375 0.24399308057737185 0.1859375
2 0.47977435707105964 0.3828125 0.24588296279135696 0.1953125
2 0.30400050843752047 0.0921875 0.19550101687504098 0.184375
2 0.48269842731199447 0.10859375 0.20914685462398896 0.2171875
2 0.6841890054422957 0.12890625 0.20064487386128266 0.2421875
2 0.3678919821982867 0.8703125 0.2244990361123346 0.209375
2 0.17558543110982758 0.84453125 0.17557046279135696 0.1953125
2 0.0657466396400153 0.83125 0.07987601687504098 0.184375
2 0.9004650526284805 0.45078125 0.19906989474303885 0.221875