2 0.3293678526807148 0.6751102779093114 0.30469119046151916 0.21466085972519586
2 0.345847725505876 0.5299569022824909 0.3144680095477696 0.1790870725781774
2 0.3842025983310372 0.38544002414838785 0.2507607070582587 0.18191054420664746
2 0.5095694512354667 0.39456863473151366 0.250382198759889 0.19749008010002483
2 0.7576922555990773 0.12696491224511375 0.19533950124939992 0.19121133636823098
2 0.5668896568438329 0.12376204123714665 0.2380956863123343 0.22051840314042073
2 0.3525787031095665 0.11047947657652799 0.204217593780867 0.20550115690134443
2 0.5158810800606906 0.910839526259959 0.23018809793005204 0.17832094748008204
2 0.718710082135283 0.9179964598834806 0.1889711020792369 0.16400708023303884
2 0.8500901366993865 0.9289543434278599 0.12673121120744354 0.1420913131442802
2 0.08251419553614296 0.3769238643440495 0.16502839107228592 0.2225522645814763