2 0.36513738804899776 0.3588376270526083 0.2818692600254534 0.1891271742752516
2 0.364520864735815 0.5072887625912277 0.2952954133513628 0.1345214875069681
2 0.3865787727561777 0.6571705879231927 0.24426017202418074 0.17953400565734068
2 0.5147219540897232 0.657987678478664 0.2381374413589988 0.19043514422102223
2 0.7358360747930851 0.9270320733870573 0.16873291335136287 0.13378516842151883
2 0.5388428961250397 0.9180212086310892 0.20496131468808992 0.1589942466803503
2 0.320865055458267 0.918508063722696 0.1784169960216353 0.16040221057599666
2 0.5834221220162265 0.1161450912428424 0.2100851666931806 0.1965215177575892
2 0.7920431440165446 0.11727527830571342 0.17422039202736245 0.2025624394987579
2 0.9373192813494539 0.11330487491130899 0.12094994135899881 0.18975336729005096
2 0.07777593742040509 0.6409971838414172 0.14149879869508958 0.210184041958086