2 0.3803547104291043 0.37826800894241513 0.29281252649368783 0.21519870758582577
2 0.387909294001701 0.5276369532668891 0.3017857332097771 0.15964961443337095
2 0.41809284572313227 0.6776765260612783 0.25665677168436435 0.20664572794389144
2 0.5468899683184706 0.6828122139073473 0.25876490870767305 0.22237085749354063
2 0.7835368295658816 0.9407336821382437 0.18503474282842375 0.11853263572351266
2 0.5880879203100544 0.9261874699243269 0.21554069836338668 0.14762506015134633
2 0.3703101432682124 0.9251978639719457 0.1823462524470707 0.14960427205610854
2 0.5841790817584982 0.14344812769472282 0.21468752649368775 0.21019223010335972
2 0.7919097362050019 0.1544216077980825 0.19006947241000383 0.21952765730897056
2 0.9267931676933475 0.15527031384274878 0.12546133538669507 0.1997973457733484
2 0.10453877721147802 0.6497880513565895 0.16857641832631978 0.22906334361388012