2 0.6158070523145837 0.3065889131030436 0.27206770678164427 0.1795584340192331
2 0.6280074534718754 0.451279287476223 0.29041529238978614 0.137961967405328
2 0.6175879919327201 0.5960916823033735 0.22915246071058562 0.16270590314042083
2 0.49276992845048484 0.5963608037735589 0.23656685442427947 0.18788775956691134
2 0.3007837514432329 0.8915402938109361 0.18845899420903178 0.21691941237812778
2 0.4887011284077036 0.8863874440483629 0.20012424028009032 0.22722511190327416
2 0.700982804586386 0.8848824315119506 0.18806088792272552 0.2302351369760988
2 0.38705054383752824 0.08538018817586822 0.19597608767505648 0.1539386569013444
2 0.18503427956950458 0.08652383636823101 0.17631855913900915 0.1674101235152496
2 0.052821093051739945 0.07877586935861446 0.10564218610347989 0.1575517387172289
2 0.9206721807267965 0.5827328421077118 0.15865563854640713 0.21460337226160836