0 0.453125 0.9265625 0.3453125 0.146875
0 0.1953125 0.3453125 0.06875 0.0625
0 0.49453125 0.31953125 0.30625 0.2421875
0 0.15546875 0.0875 0.0734375 0.059375
0 0.31015625 0.1171875 0.1296875 0.084375
0 0.24375 0.18046875 0.0609375 0.09375
0 0.31015625 0.340625 0.0578125 0.065625
0 0.37109375 0.54609375 0.0359375 0.0625
0 0.33046875 0.60234375 0.065625 0.0671875
0 0.44609375 0.89609375 0.0984375 0.0765625
0 0.46484375 0.98125 0.1125 0.0375
0 0.35859375 0.97109375 0.078125 0.0578125
0 0.33203125 0.675 0.0640625 0.0671875
0 0.40546875 0.4671875 0.1078125 0.053125